   4.5623993731728243E-004
   6.9257869346263552E-004
   1.0484266158904475E-003
   1.5804614923529839E-003
   2.3675039946994443E-003
   3.5132954000684545E-003
   5.1419047579637795E-003
   7.3760594366552171E-003
   1.0285408438217212E-002
   1.3798237957503354E-002
   1.7600518930131818E-002
   2.1099958435755545E-002
   2.3555741577591893E-002
   2.4377651151643122E-002
   2.3414267645868587E-002
   2.1004864871587453E-002
   1.7771088608857299E-002
   1.4334695103969827E-002
   1.1139562456629237E-002
   8.4153665537531810E-003
   6.2255979937561358E-003
   4.5358155745129670E-003
   3.2684919097449379E-003
   2.3367902139070718E-003
   1.6613479655884617E-003
   1.1764667460288755E-003
   8.3077386532000709E-004
   5.8550295302957909E-004
   4.1207121516941914E-004
   2.8972865270882639E-004
