   3.9832883829200423     
   5.5778690894803056     
   8.0057431244604551     
   3.5442753780998082     
   5.0537044352460034     
   5.4434409975991143     
   5.7788760434838542     
   4.2026615364996545     
   5.3380330984086140     
   5.4947991042944624     
   5.3668674617534080     
   3.5997899199719696     
   3.9123619633538222     
   5.1683320839154998     
   5.4462137321122785     
   4.6962849653518548     
   4.7796182253423449     
   4.0753069123663641     
   4.5782794370542339     
   4.0978115559952561     
   5.7242730068182102     
   5.3828725650652887     
   3.5132386334863872     
   5.3654312407373563     
   5.0754083443639662     
   4.3875974580311699     
   4.9530228572241315     
   4.3382230830937090     
   4.2682646201813697     
   3.1273689737960986     
   6.3870804569278459     
   4.3360519539699558     
   5.4557457374887131     
   5.2327923248323245     
   3.1343321950770795     
   3.8680251678747934     
   5.6054650207789765     
   5.9500522792141366     
   5.5013869912814890     
   5.2602415960460593     
   4.9672789837993427     
   3.9405863486454207     
   4.9124937085232476     
   4.4422316120259442     
   2.5551746468534144     
   6.0101854248135522     
   4.9768270747588339     
   4.6073429813125184     
   6.3017538790084151     
   4.7119717199379654     
   4.9542920327280520     
   5.3454722781850030     
   3.2124311729544184     
   5.3978287157797515     
   5.0443142396164040     
   7.1016153058065106     
   6.2446818039751744     
   6.9708399131475050     
   4.4386025549841639     
   4.6427066351081470     
   5.4842481212098209     
   3.0826890922482328     
   4.6779718369938781     
   4.2395138214534160     
   5.4120857207961226     
   6.7833310624215493     
   3.5288141734663898     
   5.5231469141425240     
   5.1231214828392178     
   4.7584489192935786     
   4.9742506011250995     
   4.7756798251404549     
   6.4764311573757674     
   5.2565284067129729     
   4.9195194978707093     
   5.6306123943294821     
   4.7171831825159520     
   5.6867775855852187     
   5.6256184261056648     
   4.6123587209561983     
   5.0407052627821924     
   4.8117272841706074     
   4.4589922435854543     
   5.0517226234679855     
   5.2005230951663215     
   4.5106934010474777     
   7.6323630935879052     
   4.8852952417962925     
   5.0893528004354307     
   3.7604307424849690     
   5.9565093584545625     
   6.2093032115834781     
   4.4730348661913588     
   7.3366753351839975     
   3.9415139637543657     
   5.5445635117898657     
   2.8188411947641629     
   3.9468077084561486     
   4.5148942912961729     
   5.3275202996140774     
   3.6777249653299928     
   5.7408508830624454     
   6.9990512747399469     
   4.5616514687723519     
   4.8985826591487296     
   6.2439767107767352     
   4.0546856160046625     
   4.8494611064726305     
   5.1201462600187631     
   6.1578596248769149     
   5.8075181551642423     
   4.7064103204921031     
   6.6511657507967827     
   6.2539023941202556     
   4.6547365162424121     
   5.4137667989562690     
   5.2908121966558870     
   4.8912156874945554     
   5.6547559906412204     
   3.8753245657066624     
   5.2052545995149755     
   4.5702339162951144     
   4.3491622836480346     
   4.9510401064804510     
   5.1633419884651461     
   5.3228214925862547     
   4.7337750004654735     
   3.5931958047304331     
   6.6748502979481925     
   6.2186238744513291     
   4.6355357361275225     
   5.3125468419034823     
   3.4034289305803131     
   4.8154768429390442     
   4.8080452505692106     
   3.8196576267009217     
   6.5822574672795646     
   5.7133399362305752     
   5.4442084595648454     
   2.8659586329439124     
   3.4655385290761451     
   5.9839755122337399     
   5.4268972067438312     
   4.7957864711320592     
   6.4940921995581666     
   4.0366687925021445     
   5.3712838019596294     
   3.2728952025559699     
   5.7250647671471739     
   4.7045684518013333     
   6.3751832553150596     
   4.7474647870201494     
   4.7823373248421657     
   4.1490084724411940     
   6.3237685400005894     
   5.3644022593511442     
   4.2354219802975743     
   6.1783913364918686     
   3.9259231394802114     
   5.7091742683827409     
   4.7139802308032017     
   6.0650795066120669     
   3.9364104265874298     
   5.1254806386298837     
   4.4607443399075661     
   6.0251806010693407     
   4.4441563191793882     
   5.7799991750637290     
   3.6715175497020218     
   8.0057431213561969     
   4.2182341107529027     
   5.0537044343585826     
   4.3363026771639319     
   4.2026615370574891     
   4.2063293732778204     
   5.3380330985494719     
   5.8871582870653514     
   5.4947991034667716     
   3.9734589437481724     
   5.3668674622033175     
   5.7129592702894003     
   3.5997899192606262     
   3.9123619635980873     
   4.4067438489333295     
   5.1683320834258302     
   4.4338819470712432     
   5.4462137315230343     
   5.4554927313475030     
   4.6962849656228194     
   3.8494230088364381     
   5.7107966907327228     
   5.4845876774878377     
   5.4048663030969033     
   3.3350312880863315     
   4.0753069132767568     
   5.8212136741923999     
   3.4141948818899515     
   3.7757569754908067     
   5.7242730070695194     
   5.3828725649583635     
   3.7161750494366359     
   3.5132386335193937     
   5.3654312412259770     
   5.0754083446462275     
   4.3875974596508076     
   4.9530228564773697     
   4.3382230835985744     
   4.2682646201142003     
   5.2868994297996519     
   6.3870804570088078     
   4.3360519544665062     
   5.4557457371253593     
   5.2327923245509824     
   3.1343321950250167     
   3.8680251675535748     
   5.6054650208754149     
   5.1403063965138118     
   5.9500522799072888     
   5.5013869901694950     
   4.8258300794807685     
   4.9672789801802555     
   6.5011395984307097     
   4.4422316119313257     
   6.6561382828505087     
   6.0101854251165179     
   4.9768270742914522     
   6.3017538806443376     
   4.7119717206793741     
   4.8134329718024231     
   4.9542920322625639     
   3.2124311739395415     
   3.6063522227690932     
   5.3978287163262966     
   5.0443142400554848     
   5.2101704735239887     
   3.5523797788949576     
   4.4474712614185767     
   4.7252372144646362     
   2.8577674363139400     
   6.2446818038083762     
   6.1252600941137478     
   5.4202716151193080     
   6.9708399131932541     
   4.0429615049436824     
   4.4386025545424115     
   5.4842481210635752     
   3.0826890920049168     
   4.6779718359402684     
   5.4120857211286646     
   6.7833310635691708     
   3.5288141729438469     
   5.5231469134892839     
   5.1231214829610208     
   4.7584489185836389     
   4.9742506000699214     
   4.7756798250664625     
   6.4764311559376706     
   4.9195194989291107     
   5.6306123940234860     
   4.7171831819024694     
   3.3893697907081650     
   5.6867775863713090     
   5.6256184252163770     
   5.0407052629296887     
   4.6437635314814960     
   4.8117272835018703     
   4.4589922440807541     
   4.5012183909931043     
   5.2005230963981397     
   4.5106934013357263     
   7.6323630927089905     
   6.0644836846160430     
   5.0893528013648544     
   4.8357985911437362     
   5.9565093596789263     
   6.2093032112966515     
   4.8300435149011411     
   4.4730348664064907     
   6.4709409053354836     
   3.9415139635296690     
   5.5445635113810203     
   2.8188411938476934     
   3.9468077093144309     
   5.1713368297767843     
   4.5148942914781456     
   6.9560308425373076     
   3.6777249658355657     
   3.8842297418498610     
   5.7408508826331133     
   4.6362831621870191     
   6.9990512740893394     
   4.5616514698054802     
   4.8985826587708470     
   7.9398288444598730     
   4.0546856153222013     
   4.6053985809845592     
   4.8494611062005033     
   4.1508987995850566     
   6.1578596253188698     
   4.7064103203005336     
   4.3746241470992331     
   6.6511657505280644     
   6.2539023938496960     
   4.1031732346127860     
   4.6547365158024707     
   5.4137667969329177     
   5.2908121956006671     
   4.8912156879426920     
   5.1557892427108216     
   5.6547559925500552     
   5.9882630369844225     
   3.8753245654706925     
   5.2052545990576906     
   4.5702339173988369     
   5.7224951348881810     
   5.7711810131014829     
   4.7924231199968483     
   4.9510401074865200     
   3.9371572413175224     
   5.1633419878947153     
   4.7337750007284152     
   3.5931958035898588     
   6.1240957396088014     
   6.2186238745179736     
   4.6355357357413238     
   3.3060884866214337     
   3.4034289308915309     
   4.8154768424424352     
   4.8080452499735085     
   6.5822574671175262     
   4.0778145205108531     
   5.7133399359029724     
   5.4442084592959903     
   3.4655385291654408     
   5.9839755115545845     
   5.4268972070395867     
   6.8705129468221626     
   6.4940921994842489     
   4.0366687919670872     
   4.8982575005764843     
   3.2728952032382006     
   5.7250647674917303     
   4.1666280674338596     
   6.1902862093143671     
   6.3751832555400476     
   5.0420058073339167     
   4.7823373251091388     
   6.3237685406529911     
   5.3644022584232287     
   4.2354219799168638     
   4.8789991522128062     
   6.1783913378943787     
   3.9121922075107296     
   5.7091742681374216     
   4.7139802309572856     
   6.8511780609908621     
   6.0650795069944117     
   3.9364104267252249     
   5.1254806385707301     
   4.4607443380518239     
   4.9901829461904788     
   4.4441563187262654     
   4.9582696100077124     
   5.7799991741505119     
   3.6715175495043857     
   5.5778690891211342     
   8.0057431182519689     
   4.2182341103049668     
   5.0537044348276901     
   4.3363026755883247     
   4.2026615373559988     
   4.2063293726051860     
   5.8871582880044464     
   5.4947991049100056     
   3.9734589441845278     
   5.3668674622792505     
   5.7129592712489625     
   3.5997899201089183     
   3.9123619634311662     
   4.4067438493503550     
   7.0079742233446076     
   4.4338819483297103     
   5.4462137309337662     
   5.4554927319634166     
   3.8494230106961047     
   5.7107966913531509     
   4.7796182248677033     
   5.4048663029562363     
   3.3350312894353253     
   5.6133538298339882     
   5.8212136743693961     
   3.4141948806170648     
   3.7757569747174564     
   5.7242730067879499     
   5.3828725648514402     
   3.5132386338342441     
   5.3654312405022901     
   5.0754083442663420     
   4.3875974587712614     
   4.9530228578806987     
   4.2682646199184680     
   5.2868994303618511     
   3.1273689737004258     
   6.3870804575290787     
   4.3360519547261269     
   5.2327923242696421     
   3.1343321953549443     
   3.8680251684497646     
   6.0540144834900662     
   5.1403063961555437     
   5.9500522783080836     
   5.5013869907713451     
   4.8258300804648506     
   4.9672789815538625     
   6.5011395992392362     
   3.9405863488365798     
   4.4422316121619021     
   6.6561382828563538     
   6.0101854242806292     
   4.6073429816809481     
   6.3017538785111880     
   4.8134329706521148     
   4.9542920318169026     
   5.3454722785152589     
   3.2124311738769551     
   5.3978287153137829     
   5.0443142404945451     
   5.2101704738979828     
   7.1016153058798945     
   4.4474712624844273     
   4.7252372147472155     
   2.8577674364905712     
   6.2446818032416589     
   6.1252600942824609     
   4.1867966446279530     
   5.4202716155071560     
   4.0429615041398632     
   4.4386025539069447     
   4.6427066348867356     
   5.4842481209108280     
   3.0826890917616243     
   4.6779718365398315     
   4.2395138214965247     
   6.7833310623106344     
   3.9046951244618882     
   5.5231469139848741     
   5.1231214832973011     
   3.3823160626951303     
   4.9742506006287064     
   4.4524433722863854     
   6.4764311564327253     
   5.2565284081173882     
   5.6306123943340838     
   4.7171831820739545     
   3.3893697918747572     
   5.6867775869400257     
   4.6123587202464478     
   5.0407052629719749     
   4.6437635296414719     
   4.8117272837704403     
   4.4589922439745564     
   5.0517226209975750     
   6.7592029230006778     
   5.2005230966224323     
   4.6744129963111121     
   7.6323630919571155     
   4.8852952413701569     
   5.0893528015296985     
   3.7604307427016432     
   5.9565093601667130     
   4.8300435147526368     
   4.4730348665020525     
   7.3366753344274738     
   3.9415139637425955     
   5.5445635114394856     
   5.4205338117554831     
   2.8188411941939600     
   5.1713368295440452     
   4.5148942914129213     
   5.3275202997041839     
   6.9560308433730027     
   3.6777249653847965     
   3.8842297418997882     
   4.6362831623012193     
   6.9990512743804123     
   5.9638941863602861     
   4.5616514700391679     
   4.8985826589295494     
   7.9398288428187112     
   4.0546856155757220     
   4.6053985811924303     
   5.1201462609267816     
   4.1508987990983561     
   5.8075181551415964     
   4.7064103204596108     
   6.6511657504183495     
   6.2539023937073637     
   4.6547365159667518     
   5.4137667998222314     
   5.2908121953564402     
   4.8912156877472022     
   5.6547559901326583     
   3.8753245655086124     
   4.2491833149921803     
   5.7224951350744844     
   5.7711810128708203     
   4.3491622833507080     
   4.7924231201518754     
   4.9510401071163868     
   3.9371572412179012     
   5.3228214924391262     
   4.7337750002688548     
   6.1240957396780686     
   6.6748502976243671     
   4.6355357359407217     
   3.3060884866302165     
   3.4034289309754833     
   4.5423223091813707     
   4.8080452499390169     
   6.5822574674983922     
   4.0778145201473475     
   5.4442084598481859     
   2.8659586335382015     
   3.4655385293177492     
   5.4268972068528996     
   4.7957864708913958     
   6.8705129467446122     
   4.0366687921665978     
   5.3712838028347472     
   4.8982575005683469     
   3.2728952025346194     
   5.7250647675247759     
   4.1666280669258811     
   4.7045684518870763     
   6.1902862088244959     
   4.7474647883669210     
   4.7823373251296184     
   6.3237685404096124     
   5.3644022581911592     
   4.8789991523387242     
   6.1783913362065217     
   3.9121922071985971     
   5.7091742680849302     
   6.8511780607038304     
   6.0650795067270211     
   3.9364104268372317     
   5.1254806383788534     
   4.4607443403827487     
   6.0251806012518756     
   4.4441563188957698     
   4.9582696088083447     
   5.7799991746670392     
   3.9832883828285794     
   5.5778690889554650     
   3.5442753785838681     
   5.0537044346467921     
   4.3363026761723100     
   4.2063293726150004     
   5.8871582880363524     
   3.9734589441502868     
   5.3668674621107657     
   3.5997899192711351     
   4.4067438486104455     
   5.1683320836553142     
   4.4338819465265260     
   5.4462137312443417     
   5.4554927322495725     
   3.8494230080160587     
   4.7796182246776207     
   5.4845876771493529     
   3.3350312881198301     
   4.0753069130649164     
   5.8212136743012977     
   4.5782794370607700     
   3.7757569742621104     
   5.7242730071140544     
   3.7161750492478314     
   3.5132386340001531     
   5.3654312403210058     
   5.0754083446815548     
   4.9530228581556832     
   4.3382230837716618     
   4.2682646199935794     
   5.2868994301497523     
   3.1273689740142423     
   6.3870804573341919     
   4.3360519546323903     
   5.2327923248582993     
   3.1343321947829486     
   3.8680251671269827     
   6.0540144837891097     
   5.1403063959173370     
   5.9500522802125966     
   5.5013869904900972     
   4.8258300806698520     
   5.2602415955604958     
   4.9672789829125765     
   3.9405863490704327     
   4.9124937077312012     
   4.4422316118077640     
   6.6561382832050286     
   4.9768270739997202     
   4.6073429818488529     
   4.7119717212440051     
   4.9542920319883867     
   3.2124311739080631     
   3.6063522223173425     
   5.0443142403451411     
   5.2101704741430668     
   3.5523797784793771     
   4.4474712627315309     
   2.8577674368378152     
   6.2446818032999660     
   6.1252600942306454     
   5.4202716153339834     
   6.9708399137819734     
   4.4386025541423413     
   4.6427066346239174     
   5.4842481213020964     
   4.1236393442673878     
   4.6779718363598430     
   4.2395138220314275     
   3.5288141730874338     
   5.5231469138004394     
   3.3823160631074840     
   4.9742506004173777     
   4.7756798248995205     
   6.4764311566396993     
   4.9195194985955144     
   5.6306123943188435     
   3.3893697922421726     
   5.6867775866490149     
   5.6256184255932684     
   5.0407052629548206     
   4.6437635320000936     
   4.8117272830420461     
   4.5012183909962822     
   5.0517226242607007     
   6.7592029233029329     
   4.6744129953378755     
   4.5106934016543576     
   7.6323630910782034     
   4.8852952407322752     
   5.0893528010447344     
   3.7604307440887319     
   6.2093032118798082     
   4.4730348659986001     
   6.4709409057812746     
   3.9415139635179131     
   5.5445635110306553     
   5.4205338118613051     
   2.8188411944369327     
   5.1713368301177125     
   4.5148942918221087     
   5.3275202998845641     
   6.9560308427117885     
   3.6777249647615058     
   5.7408508829054581     
   4.6362831620023748     
   5.9638941868521398     
   4.5616514695594921     
   4.8985826596895832     
   6.2439767100679822     
   4.0546856151952477     
   4.6053985820879264     
   5.1201462583419408     
   6.1578596253057700     
   4.7064103200323650     
   6.2539023936794518     
   4.6547365158317850     
   3.8115709411859693     
   4.8912156881953184     
   5.1557892426434035     
   5.6547559920415402     
   5.9882630367418406     
   4.2491833151022247     
   5.2052545993027461     
   4.5702339149304949     
   5.7224951343319557     
   4.3491622831983960     
   4.7924231205639005     
   4.9510401081440536     
   3.9371572418336171     
   5.1633419891793251     
   4.7337750002320895     
   3.5931958037610459     
   6.1240957394824358     
   6.6748502980401874     
   4.6355357354021907     
   3.3060884853754615     
   4.5423223103173616     
   4.8080452502315376     
   6.5822574673363548     
   5.7133399359003683     
   5.4442084595793272     
   2.8659586327369122     
   5.9839755119002671     
   5.4268972073557524     
   4.7957864711554512     
   6.8705129460924592     
   6.4940921992039513     
   4.0366687919652300     
   4.8982575002972695     
   3.2728952032168275     
   6.3858737278082351     
   5.7250647678693136     
   4.1666280672035851     
   6.1902862101430181     
   6.3751832559578760     
   4.7474647877321585     
   5.0420058082665014     
   4.1490084715613573     
   6.3237685406406126     
   4.2354219800699653     
   4.8789991522265925     
   3.9259231402409211     
   3.9121922073983653     
   4.7139802306175564     
   6.8511780607890387     
   6.0650795074464074     
   4.5529912834423367     
   5.1254806383196945     
   4.4607443387317458     
   6.0251806011614519     
   4.4441563187958923     
   5.7799991737538585     
   3.6715175494186818     
   3.9832883829193491     
   5.5778690893976588     
   3.5442753777708615     
   4.2182341116162752     
   5.0537044351158791     
   5.4434409975123499     
   5.7788760436569797     
   4.2026615378059624     
   4.2063293729327516     
   5.8871582889753986     
   3.9734589432523890     
   5.3668674620423538     
   3.5997899201194441     
   3.9123619634609277     
   7.0079742230338811     
   5.4462137306550975     
   5.4554927318357516     
   4.6962849653484771     
   5.7107966918874320     
   4.7796182251956001     
   5.4048663032504205     
   3.3350312894688487     
   4.0753069125546437     
   5.8212136740956630     
   4.5782794371285629     
   3.4141948805957432     
   4.0978115569704112     
   5.7242730068324930     
   5.3828725649899418     
   3.5132386335593297     
   4.2157825815008554     
   5.0754083443016613     
   4.3875974583127464     
   4.3382230842765273     
   4.2682646201956480     
   3.1273689739470401     
   6.3870804574151547     
   4.3360519538771580     
   5.4557457375424470     
   5.2327923247738815     
   3.8680251680231539     
   6.0540144836261618     
   5.6054650212540578     
   5.9500522789665133     
   5.5013869912508877     
   4.8258300801796619     
   5.2602415961146107     
   6.5011395992254561     
   3.9405863487817894     
   4.4422316120383467     
   2.5551746469772998     
   6.6561382832108809     
   4.9768270735227524     
   4.6073429813999347     
   4.7119717219854120     
   4.9542920315427059     
   3.2124311728700690     
   3.6063522220518762     
   5.0443142407842210     
   5.2101704738533785     
   7.1016153055958853     
   4.4474712620640311     
   4.7252372141607468     
   2.8577674359173826     
   6.1252600939820461     
   4.1867966449734269     
   5.4202716151938706     
   6.9708399138277235     
   4.4386025551365735     
   4.6427066350301152     
   3.0826890909790605     
   4.1236393436961549     
   4.6779718368511265     
   5.4120857211107483     
   6.7833310630294044     
   3.5288141735616856     
   5.5231469140343465     
   3.3823160627016948     
   4.9742506009761875     
   4.7756798251618582     
   5.2565284065098341     
   4.9195194980223169     
   5.6306123943531183     
   3.3893697918964616     
   5.6867775853945375     
   5.6256184259661719     
   4.6123587210604127     
   4.6437635302944980     
   4.8117272833105842     
   4.4589922428855795     
   4.5012183909983161     
   6.7592029231867947     
   5.2005230962360010     
   4.6744129965457848     
   7.6323630931880260     
   6.0644836848589030     
   5.0893528012095581     
   4.8357985913279249     
   3.7604307439754834     
   6.2093032113184083     
   4.8300435150090983     
   6.4709409055156835     
   5.5445635113339735     
   5.4205338118878377     
   3.9468077094415071     
   5.1713368298850000     
   4.5148942917568986     
   6.9560308425985706     
   3.6777249647347792     
   3.8842297418220273     
   5.7408508827424303     
   4.6362831621165785     
   5.9638941868627446     
   4.8985826586581673     
   7.9398288455114301     
   4.0546856154487472     
   4.8494611061011481     
   5.1201462578114683     
   6.1578596253088485     
   5.8075181547233017     
   6.2539023939432212     
   4.1031732345179694     
   4.6547365156910905     
   5.4137667972910899     
   5.2908121956775309     
   5.1557892426805401     
   5.9882630368792169     
   4.2491833147124209     
   5.2052545991568566     
   4.5702339176378413     
   5.7711810132613346     
   4.3491622830533805     
   4.7924231203791470     
   4.9510401077739656     
   5.1633419877583746     
   5.3228214921222463     
   4.7337750003537087     
   6.1240957395516826     
   6.6748502978827773     
   6.2186238746335416     
   5.3125468422517566     
   3.3060884866389557     
   4.5423223104204364     
   3.8196576279756527     
   6.5822574672026164     
   5.4442084594077098     
   2.8659586330233808     
   3.4655385290665794     
   5.4268972071690813     
   4.7957864708674043     
   6.8705129468600425     
   6.4940921995600984     
   5.3712838025098346     
   4.8982575007867011     
   3.2728952032381349     
   6.3858737277717568     
   5.7250647676462734     
   4.7045684516119595     
   6.1902862096531850     
   4.7474647879664360     
   5.0420058072277385     
   4.1490084736757735     
   6.3237685408186355     
   4.2354219802131023     
   4.8789991523525016     
   3.9259231401494512     
   5.7091742681670885     
   6.8511780611813080     
   6.0650795071790382     
   4.5529912825309253     
   5.1254806386963692     
   4.4607443382527396     
   6.0251806010504492     
   4.9582696097053587     
   5.7799991739813450     
   3.9832883830301746     
   5.5778690892319966     
   8.0057431208252918     
   4.2182341116241915     
   5.0537044349569165     
   5.4434409982549115     
   4.3363026751806881     
   5.7788760438570899     
   4.2026615376981127     
   5.3380330988013611     
   5.8871582884025075     
   5.4947991047322517     
   4.1493255527015780     
   5.3668674623921984     
   3.5997899199282579     
   3.9123619632977151     
   5.1683320838847990     
   7.0079742225788646     
   5.4462137308155638     
   5.4554927319074853     
   4.6962849654001930     
   3.8494230103604226     
   5.7107966915734734     
   5.4845876780031402     
   5.4048663030715822     
   3.3350312891444203     
   4.0753069125586618     
   5.8212136744101963     
   4.5782794373050688     
   3.4141948810702134     
   3.7757569747706801     
   4.0978115569228564     
   5.3828725648026907     
   3.7161750484858449     
   3.5132386337252348     
   5.3654312406283564     
   4.3875974584748798     
   4.3382230839447491     
   5.2868994298295195     
   6.3870804576595850     
   5.4557457375802016     
   5.2327923243884751     
   3.8680251682760041     
   6.0540144835422183     
   5.6054650210853572     
   5.9500522785787036     
   5.5013869909696407     
   4.8258300803192542     
   4.9672789806837878     
   6.5011395994445502     
   3.9405863490156428     
   4.4422316121155774     
   2.5551746474702690     
   6.6561382829975262     
   4.9768270736983826     
   4.6073429815678395     
   6.3017538789292011     
   4.8134329708033379     
   4.9542920316943810     
   3.2124311738766140     
   5.3978287153596280     
   5.0443142406152619     
   7.1016153061783776     
   3.5523797785345068     
   4.7252372141759711     
   2.8577674362646266     
   6.2446818045169659     
   4.1867966445436817     
   5.4202716156187680     
   6.9708399134738706     
   4.4386025553719701     
   5.4842481210065381     
   3.0826890914471599     
   4.1236393440126973     
   4.2395138214784529     
   5.4120857209840585     
   3.5288141727608480     
   3.9046951243541397     
   5.1231214833827279     
   3.3823160631140494     
   4.9742506007739102     
   4.7756798252655965     
   6.4764311567182622     
   4.9195194982335106     
   4.7171831819241890     
   3.3893697916247532     
   5.6867775853208737     
   4.6123587210072152     
   5.0407052627735851     
   4.8117272826418791     
   4.4589922433808598     
   5.0517226217902902     
   6.7592029228560664     
   4.6744129957009468     
   4.5106934016097906     
   6.0644836854345217     
   5.0893528007609490     
   4.8357985906945133     
