  2   8.507080472798332    
  0.7131645396478911E-02   16.17686400674140    
  0.1450323642507761E-01   13.71447293705784    
  0.6789783412395757E-02   23.33772248550873    
  0.6728610727554795E-02   22.34346066779676    
  0.2219560728504662E-01   18.69989796582352    
  0.1347056056440099E-01   20.70344456394594    
  0.1500857972015119E-01   20.86502951945324    
  0.2224386824838107E-01   15.17076047587671    
  0.7925420789111591E-03   23.69812224696347    
  0.5591239174511280E-02   22.61124965667154    
  0.9761278672357966E-02   21.03337758872156    
  0.1533640217223170E-01   19.19932176884030    
  0.1494953391973733E-01   19.57934442028072    
  0.7479999912690781E-02   19.09986943404942    
  0.2220159555013588E-01   16.15769395188396    
  0.5022022540942243E-02   26.49090248720150    
  0.1234987878061645E-01   18.09258645844744    
  0.2785604872104345E-01   12.80102113350673    
  0.1644689542453873E-01   16.38208534231093    
  0.1524001787439821E-01   17.03850721096083    
  0.1855571819827160E-01   16.03918648305306    
  0.5189181249498602E-02   20.50600005384250    
  0.2724263250182359E-01   14.09756114491204    
  0.3335217792908069E-02   23.90260337200878    
  0.1966846563802318E-01   10.59041633215496    
  0.1525332943815636E-01   18.54467327758313    
  0.1286547999119929E-01   19.83668228149331    
  0.1560013974886979E-01   18.37222225100004    
  0.4786425887522927E-02   23.28862595135174    
  0.2431601123547703E-01   13.71464102831907    
  0.2934819981152302E-02   22.21148794638412    
  0.1712281535992242E-01   16.12769962945719    
  0.1256603439332267E-01   13.80231603848829    
  0.9129830839940839E-02   19.23012183164453    
  0.3170019391349492E-01   12.51661993816330    
  0.1050390870086227E-01   24.02455073259603    
  0.1221754560257697E-01   14.85468274064996    
  0.8895881334739463E-02   22.42719200508719    
  0.2130705769746932E-01   18.99851582304852    
  0.2024062397144690E-01   14.91126989651182    
  0.2223480805875620E-02   23.97875981512433    
  0.1634774424780472E-01   17.07878545470086    
  0.1535289668633492E-01   16.25253761081956    
  0.1483420302535314E-01   17.82289916850535    
  0.1133004491373118E-01   19.90932136641770    
  0.1747662051898480E-01   17.32182564389275    
  0.1493409586527793E-01   15.62707440674872    
  0.1334932298813826E-01   14.53401159660514    
  0.9255920388586046E-02   24.94545134487905    
  0.1400959650113701E-01   14.17929458167188    
  0.6034996654800829E-02   23.99397933592648    
  0.5180061581089346E-02   20.76593456290351    
  0.1368368733716266E-01   21.58796769413018    
  0.2400488024071449E-01   12.60137458901446    
  0.2001916492448609E-01   14.77770109057377    
  0.1983060162236893E-01   17.39061076187393    
  0.1437469300699354E-01   17.78956777764041    
  0.1154951083754376E-01   15.52325310276076    
  0.1910646448017389E-01   16.00942742698423    
  0.1597143834177953E-01   18.98435377805223    
  0.7953609739976858E-02   27.58930506696456    
  0.9834697710662322E-02   16.28264541598387    
  0.2054702100608469E-01   13.26959263660770    
  0.7030624036223160E-02   20.92508727612898    
  0.1711684466215789E-01   21.83547783407867    
  0.4188658573994735E-02   24.57763462040589    
  0.2505026103933930E-01   15.70254395186825    
  0.1456394915795668E-01   17.96210235068768    
  0.1486671942120729E-01   15.52314026119332    
  0.1138318467604234E-01   17.86646138979348    
  0.1740550631803370E-01   19.27254223024557    
  0.1399465595298048E-01   19.45187984933702    
  0.2469980087855454E-02   23.48866371827507    
  0.2875082191559107E-01   6.511625593270480    
  0.1254468559737807E-01   16.93558111984072    
 -0.7689169795166151E-03   21.25918532702394    
  0.2077138786247417E-01   15.17483251714064    
  0.1876780315950171E-01   22.79618544364085    
  0.1315254699501206E-01   18.81721498937874    
  0.1482173192777785E-01   17.24434561941361    
  0.5623249952669480E-02   18.71842654803111    
  0.1675599111299776E-01   20.91018156651565    
  0.1964008328636291E-01   17.71685468641034    
  0.1312964340843825E-01   21.14121069367923    
  0.2705330179364299E-01   14.48510663089509    
  0.1302041065022370E-01   20.50020479555976    
  0.2003940615533431E-01   13.71804455697427    
  0.2868014902265462E-01   13.82939447346176    
  0.8286061000064366E-02   17.86581862685622    
  0.1141931841220732E-01   18.29378703777656    
  0.7356298110175409E-02   22.45256031819913    
  0.1255277984617513E-01   14.48834532442874    
  0.1336587574718423E-01   21.65823129907132    
  0.3129574645331790E-01   3.002301671223089    
  0.1854403652730726E-01   16.28570789234324    
  0.1055505278440469E-01   19.47642388747113    
  0.9630309056599579E-02   14.45880862137665    
  0.1991139954638667E-01   15.98784524326643    
  0.8743813436416167E-02   19.16329532048482    
