MINIMALE FOUT (PROCENTUEEL)

 part1
  0.89999997615814209       0.35754373331702233       0.81543580676234728       0.88476778400632372       0.84482516637826510       0.67469249852993041       0.48656731669969744       0.62324027209009170        5.8471860564996168E-002   5.8084849194303706E-002  0.20796767885487169        9.3330197654570762E-002   4.8044319541024921E-002   1.5913504825254058E-002   1.4972250314896518E-002   6.8055959198412785E-002  0.21386394308196735        2.4694292852498332E-002   5.8842148740589989E-002  0.19934727088524185        4.9447101831464134E-002  0.11046867413479955       0.21406710949221533       0.22154222303926452        6.1936699784266407E-002   9.5710430490421383E-002  0.12967176737478969       0.31340836677965117       0.57827081398435176       0.91476071371891254     
 part2
   5.2619449821602234E-005   1.5573139186432386E-004   1.3746212051723576E-004   2.0791741140328477E-004   1.7273666958347102E-004   3.0517161551316140E-004   2.5390929054168259E-004   5.0932394765811470E-005   1.9644358205358675E-004   1.3915480749496635E-004   1.0322599756930273E-004   1.0373125455389161E-004   7.5091678089485531E-004   4.2992201945372222E-004   2.9292798525971434E-003   5.0264905348380521E-003   1.5052260190405621E-002   2.5865627171238158E-002   2.9241443490514791E-002   1.1728802100408100E-002   9.8712289274243553E-003   5.4764360455663279E-003   1.6775056637669595E-003   2.2142110858259530E-004   3.0931872122323082E-004   1.0334014187148228E-003   4.3064335382722612E-004   3.1469819939709868E-003   3.0208987256568607E-003   1.8495184271318907E-003
 part3
   9.9947404392036310E-002  0.64230053529111331       0.18442673111713551       0.11502429858227309       0.15500209695215139       0.32500232985455640       0.51317877400976075       0.37670879551514258       0.94133169585295018       0.94177599599820128       0.79192909514755905       0.90656607109087528       0.95120476367808027       0.98365657315529231       0.98209846983250626       0.92691755026674927       0.77108379672762706       0.94944007997626356       0.91191640776889515       0.78892392701435010       0.94068166924111152       0.88405488981963409       0.78425538484401791       0.77823635585215278       0.93775398149451039       0.90325616809086373       0.86989758927138305       0.68344465122637799       0.41870828728999149        8.3389767853955604E-002
 part4
   3.9032013881373104        1.5077564623240174        13.408176406356665        8.9137362523679755        9.2495726481311085        21.581926925720644        6.8186275653144310       0.11258328058325220        45.475032941469323        14.026037620168950        44.903866915485310        21.026655084970773        98.753840184881469        20.099921297630061        285.78909390839527        386.15283408259074        1493.8767354225511        2591.0148087863454        3343.3611141737165        1412.7692972405271        975.98782366422779        573.68641726627118        144.92605369786654        95.306621001631129        5.9363954226569637        85.325014515684487        69.882695707401908        307.24097542115959        372.48425143453875        123.77354316282390     
   7.9125629209440120     



MAXIMALE FOUT MINIMALISEREN

 part1
  0.89999997615814209       0.44072920428184875       0.88082097634713341       0.79421148943033781       0.88658119688426329       0.89673394494139680       0.97132499661620808       0.93738318677955113       0.88839605567474988       0.78711753207426827       0.73934089585507190       0.77950208671593768       0.79661690929595574       0.60349942368889054       0.45188069197736885       0.19418600349421822        2.4199709408588850E-002   2.8545600181383572E-002   4.2650321858717664E-002   4.0053991165237807E-002  0.10433810446034211        1.8198790593450372E-002   3.5084086253176362E-002   1.1683269475117896E-002   1.3350219415373807E-002   1.2031941878765039E-002   1.0852602683103403E-002   5.0107431163440783E-003   2.3596742866394496E-003   1.1145193101891279E-003
 part2
   9.4753714624519654E-005   2.7688497618096997E-005   3.6128803132393059E-005   1.6038678730690247E-004   2.2234579464060690E-005   6.6488254270598057E-005   5.0967674990917667E-005   5.5510258355939885E-004   8.8406809708739355E-005   4.4259673458375262E-004   1.7322347612801992E-004   3.9041708806207190E-004   5.4617992239415296E-004   7.6706060098600713E-004   1.4085180491194838E-003   6.0570608052835549E-004   1.2811328390791089E-003   6.0112699596547390E-003   7.8171254860604014E-002  0.21704085171004150       0.40011751820840941       0.78761319511230277       0.25515473592826254       0.48011732911862537       0.22859398142186391       0.44041452028329070       0.54379408874916169       0.46544602189811263       0.53753291061462349       0.25406566330859237     
 part3
   9.9905270127233395E-002  0.55924310722053328       0.11914289484973420       0.20562812378235529       0.11339656853627264       0.10319956680433251        2.8624035708801027E-002   6.2061710636889506E-002  0.11151553751554139       0.21243987119114796       0.26048588066880013       0.22010749619600034       0.20283691078165000       0.39573351571012338       0.54671078997351163       0.80520829042525333       0.97451915775233200       0.96544312985896175       0.87917842328067830       0.74290515712472072       0.49554437733124834       0.19418801429424684       0.70976117781856107       0.50819940140625675       0.75805579916276233       0.54755353783794414       0.44535330856773492       0.52954323498554323       0.46010741509873693       0.74481981738121850     
 part4
   13.240978975756544        2.1077961971413832        2.9881418077760524        14.235474610279015        3.4164333870080874        7.6626442034480196        4.3427586792587070        45.040354786562091        6.1552750415344120        38.386781625960374        18.744259678200727        67.806229495585541        35.548658949663846        56.250676767061243        118.76971711544465        56.861734836315669        95.058645614923719        676.54620938138976        7862.8885249213590        21806.576703134313        39975.929284240017        79011.632581434096        25408.229155874757        47959.574072298092        23033.183619525760        44750.686278745939        54293.110125470426        46394.449351798459        53492.404583930729        25111.936001821912     
  0.89883387138172599     


