   136.78154608632246        44.576068687954233       0.90000000000000002        8.2974875740935046E-004   9.9170251242590629E-002   1.7431636365085424E-002   19.852498573590328       0.73275926756479071        1.3130673199832381     
   1.0327956878472104E-003   1.2834664347109062E-003   1.5918017451691116E-003   1.9693459011936310E-003   2.4290294234367038E-003   2.9848166812044418E-003   3.6510029827964289E-003   4.4410263909446003E-003   5.3656622069232556E-003   6.4305162299317072E-003
   164.64364766511295        62.425982401047335       0.90000000000000002        9.7410781264041827E-004   9.9025892187359563E-002   1.6114184730882032E-002   25.116074686138909       0.74004565856758076        1.0314355032911822     
   1.1482690006030399E-003   1.3520797564688404E-003   1.5900067185949088E-003   1.8669630834435963E-003   2.1882609871675292E-003   2.5595168494113407E-003   2.9864935805454886E-003   3.4748615382392185E-003   4.0298596333518399E-003   4.6558403139545070E-003
   151.03089818474251        58.780419829402980       0.90000000000000002        9.9451371533874314E-004   9.9005486284661229E-002   1.4468437438308775E-002   13.945125625683810       0.74882531219065041        1.9154084000101206     
   1.3260927801496416E-003   1.7604685159037640E-003   2.3235766906457068E-003   3.0434551990721464E-003   3.9468866157438979E-003   5.0533432220024217E-003   6.3657150414681224E-003   7.8583852885587765E-003   9.4653543711767200E-003   1.1073888533658340E-002
   129.64463662220311        30.110428745328207       0.90000000000000002        5.1372688728706039E-004   9.9486273112712922E-002   2.2254083397794805E-003   9.1664164444022358       0.84506654614019483        4.4541339851876787     
   6.5287933324437576E-004   8.2010069311682710E-004   1.0152264187120389E-003   1.2343849984728494E-003   1.4685921091376610E-003   1.7029524213545612E-003   1.9172509462610141E-003   2.0885509303705742E-003   2.1956896965819412E-003   2.2244604344020613E-003
   101.16926958287269        46.355179947497533       0.90000000000000002        4.2455224797736826E-004   9.9575447752022608E-002   1.3852418304689371E-002   14.631973025298729       0.74907600481704095        2.2101323275149385     
   5.9201160083869957E-004   8.2336200030670595E-004   1.1409613744362195E-003   1.5731367308979220E-003   2.1540729213230959E-003   2.9218897932896839E-003   3.9134016417325841E-003   5.1537687718120236E-003   6.6399373902464882E-003   8.3195681563850016E-003
   126.24398330145721        60.214450292065969       0.90000000000000002        1.0840604665922290E-003   9.8915939533407743E-002   2.1231803088510789E-002   19.563269496872717       0.71640540101531780        1.1784860718958972     
   1.3449347753863403E-003   1.6657787475106527E-003   2.0588701604493695E-003   2.5381969418519436E-003   3.1192535547390180E-003   3.8185380645119945E-003   4.6526151115033366E-003   5.6365943234633186E-003   6.7818881857489646E-003   8.0931850995999855E-003
   117.80799752332291        43.476829750674590       0.90000000000000002        8.7740597858672917E-004   9.9122594021413254E-002   2.0129451380455271E-002   19.581242155927274       0.72037956590108077        1.2533800096157004     
   1.0982018333934027E-003   1.3724219032042911E-003   1.7117864817022864E-003   2.1299117308343262E-003   2.6422296870804679E-003   3.2656391128352809E-003   4.0177426123842149E-003   4.9154950658627213E-003   5.9730824390576160E-003   7.1988988342306520E-003
   108.71032442306712        56.195235793649651       0.90000000000000002        6.5390054195083459E-004   9.9346099458049147E-002   5.7160218452896325E-003   14.688760563828627       0.80624688126302468        2.5037233059974637     
   8.2525044617942818E-004   1.0366541034679366E-003   1.2946241684356817E-003   1.6050702300633840E-003   1.9721644550568635E-003   2.3967492217767104E-003   2.8743563177224662E-003   3.3931180547523612E-003   3.9321360446372793E-003   4.4611342610706818E-003
   118.31594794737842        40.698909204694139       0.90000000000000002        8.6196186916471498E-004   9.9138038130835257E-002   1.0602798047764640E-002   17.719282601720160       0.77087426226618627        1.7181183510750884     
   1.0747326833055848E-003   1.3361969072799539E-003   1.6553860604344264E-003   2.0418513297905672E-003   2.5050043951151068E-003   3.0530479798604022E-003   3.6914064406494700E-003   4.4206313113636488E-003   5.2338947626560601E-003   6.1144080912313228E-003
   120.74556042678057        44.913445537250269       0.90000000000000002        4.5117221536611856E-004   9.9548827784633864E-002   2.9618860060862656E-003   9.0661605312497215       0.83361659438974689        4.7564509727150455     
   6.1552363126647939E-004   8.2924809167180739E-004   1.0984943328447758E-003   1.4231907837771803E-003   1.7919379670253636E-003   2.1772564481400795E-003   2.5345813167477124E-003   2.8089109963494838E-003   2.9499779693900573E-003   2.9303618718320309E-003
   127.41451961575733        51.478160092912177       0.90000000000000002        6.9235910486627845E-004   9.9307640895133706E-002   6.2018525688237302E-003   11.059500744671825       0.80226937399442932        3.2319093541427488     
   9.4607633234865425E-004   1.2812775245953040E-003   1.7144765035902716E-003   2.2576889123567070E-003   2.9114339473301312E-003   3.6554648896212250E-003   4.4399933935758088E-003   5.1831356324123857E-003   5.7813574786185935E-003   6.1351240696528777E-003
   120.90110940898060        49.845762223696227       0.90000000000000002        5.3412583802794271E-004   9.9465874161972029E-002   3.0124508991427983E-003   9.5090487183346646       0.83404071470581065        4.2567268708863839     
   7.0388001120006403E-004   9.1697621300585884E-004   1.1768942240040011E-003   1.4819905829918721E-003   1.8222545446601090E-003   2.1765014010189264E-003   2.5118335686154644E-003   2.7873941531617289E-003   2.9630826298473237E-003   3.0109442193737451E-003
   129.07876566198217        43.573441865329244       0.90000000000000002        6.6730008205589074E-004   9.9332699917944092E-002   7.5598431194241608E-003   13.127084839272358       0.79093721121792482        2.6622120336629749     
   8.9000613385786364E-004   1.1802932897733731E-003   1.5535145971044954E-003   2.0246637470288337E-003   2.6051512287555982E-003   3.2977098909120479E-003   4.0896269306456186E-003   4.9457097630151367E-003   5.8040936897120008E-003   6.5792076089092755E-003
   137.47830190237735        48.319626039520934       0.90000000000000002        1.0808864038416800E-003   9.8919113596158292E-002   1.0936826937816812E-002   17.357107756161845       0.77013332766013309        1.6540987370701530     
   1.3379795869369383E-003   1.6507687885578030E-003   2.0284304915829778E-003   2.4801327288308567E-003   3.0141191005619984E-003   3.6363529994688972E-003   4.3486841873326236E-003   5.1466046887281023E-003   6.0168383791520570E-003   6.9352471408088293E-003
   170.22528220295786        75.614306048928498       0.90000000000000002        6.1662760564058826E-004   9.9383372394359390E-002   1.2448386956951017E-002   19.684009308856332       0.75806417211398791        1.5812289024908264     
   7.7119880522792585E-004   9.6283974273194306E-004   1.1994980560461371E-003   1.4902995583223311E-003   1.8454207725546181E-003   2.2757477103318336E-003   2.7922179617289318E-003   3.4047290095529127E-003   4.1205053947671148E-003   4.9418742580391870E-003
   149.96452871887871        65.279207695353676       0.90000000000000002        7.2564076691554425E-004   9.9274359233084433E-002   6.2350422692358477E-003   15.040738902233457       0.80227017400981593        2.3516588151137849     
   9.1135065807169654E-004   1.1393994256531528E-003   1.4164654486418017E-003   1.7485876520993344E-003   2.1400355769102572E-003   2.5917366657637569E-003   3.0993275803749051E-003   3.6510919301127611E-003   4.2263111772184985E-003   4.7948021820142560E-003
   171.98929932391690        66.952969179305128       0.90000000000000002        9.9811564055153493E-004   9.9001884359448442E-002   9.5004731278027464E-003   9.7114896809300539       0.77915751457680726        3.1052825419113712     
   1.4454302120115883E-003   2.0669847306322552E-003   2.9033498315212750E-003   3.9777662634510099E-003   5.2691701311632444E-003   6.6800906145753269E-003   8.0198097330828697E-003   9.0333822396716119E-003   9.4886444319453051E-003   9.2813517387145324E-003
   158.62129560350570        64.533144354389762       0.90000000000000002        1.4964968187869353E-003   9.8503503181213037E-002   3.0371677839394203E-002   24.193702144555566       0.68186238689309642       0.82040585524667220     
   1.7889086448202667E-003   2.1361384225830581E-003   2.5474693931397379E-003   3.0333330339867635E-003   3.6052646020098542E-003   4.2757574369681117E-003   5.0579733718410860E-003   5.9652584882195839E-003   7.0104085662413612E-003   8.2046307941989246E-003
   159.80506744666292        72.311241840419100       0.90000000000000002        1.6052329088877848E-003   9.8394767091112195E-002   1.3928592531260938E-002   26.704532843933151       0.75523070745122023       0.91681750983807431     
   1.8319134949364433E-003   2.0877101301993079E-003   2.3754780266390298E-003   2.6980793388801222E-003   3.0582843733704570E-003   3.4586419963160558E-003   3.9013156544720012E-003   4.3878830051067540E-003   4.9190998276852404E-003   5.4946328848992018E-003
   146.40428562339264        61.301648708414405       0.90000000000000002        4.4013507890098267E-004   9.9559864921099001E-002   2.9766153444537305E-003   8.3517069749977093       0.83328119118083765        5.2032129941747192     
   6.1904579440568786E-004   8.5758843588776073E-004   1.1634995939510322E-003   1.5347445127527879E-003   1.9513589259839100E-003   2.3690028654309182E-003   2.7211559687390758E-003   2.9358985178884055E-003   2.9637355637510284E-003   2.8003735711041975E-003
   131.21044664311242        47.968405403326159       0.90000000000000002        5.9616351838512045E-004   9.9403836481614855E-002   3.3363647591273405E-003   8.9599588156443168       0.83068868891279957        4.3293355687685136     
   8.0032179535700280E-004   1.0599550110699308E-003   1.3790084027492737E-003   1.7532279002793144E-003   2.1651649812560315E-003   2.5805764313722953E-003   2.9496663740263347E-003   3.2161477823705099E-003   3.3332726660996511E-003   3.2802192087785223E-003
   168.53113599743600        65.858433208771274       0.90000000000000002        9.2175108712414325E-004   9.9078248912875838E-002   1.7276765532088633E-003   9.7736268003379045       0.86218199265995410        2.7881152585559454     
   1.0208391600196340E-003   1.1225538502205746E-003   1.2248015482996745E-003   1.3250637759217893E-003   1.4204740859584117E-003   1.5079470453666635E-003   1.5843559789001634E-003   1.6467469637562993E-003   1.6925674815321146E-003   1.7198815607071323E-003
   190.12819415429209        62.447299259802385       0.90000000000000002        6.8110276941496734E-004   9.9318897230585013E-002   5.0172811013670278E-003   8.8786081107725838       0.81311094148689478        4.1233828355866384     
   9.6881983815760679E-004   1.3577079964088763E-003   1.8636448174818646E-003   2.4869194499945757E-003   3.1973124687665164E-003   3.9210892979947738E-003   4.5426921824077175E-003   4.9333073619864977E-003   5.0013640082821192E-003   4.7354633816748858E-003
   187.44568794330917        80.359455058420480       0.90000000000000002        8.3866853869137426E-004   9.9161331461308608E-002   3.2714171248403052E-003   19.880250817490420       0.83464236890251431        1.7045470268277649     
   9.3643770060733791E-004   1.0430491779105089E-003   1.1586416507536044E-003   1.2831681282843724E-003   1.4163494448571994E-003   1.5576262601438178E-003   1.7061126206429956E-003   1.8605551666516717E-003   2.0193030136064073E-003   2.1802940105438823E-003
   168.11682092808539        64.726373428023649       0.90000000000000002        4.9995870626321891E-004   9.9500041293736755E-002   8.8864033544657547E-003   20.833529646956190       0.77996434770762502        1.7276641515636550     
   6.1473058834383271E-004   7.5459979049913935E-004   9.2441563021552174E-004   1.1296398307618120E-003   1.3762523089898770E-003   1.6705451015734129E-003   2.0187578575686085E-003   2.4265038050485994E-003   2.8979406461128940E-003   3.4346649435945875E-003
   180.23345584028618        68.684777945298066       0.90000000000000002        8.2005516773040377E-004   9.9179944832269579E-002   4.8391140732842201E-003   9.3984126480966861       0.81629578847548234        3.6825952324506610     
   1.1099350489820535E-003   1.4820285324975452E-003   1.9435237090670503E-003   2.4896537021567330E-003   3.0957704314373076E-003   3.7112981736350087E-003   4.2611149752415541E-003   4.6593594402978339E-003   4.8345138165554252E-003   4.7551297005862976E-003
   163.39242187091693        54.137174646251744       0.90000000000000002        1.0719051202122316E-003   9.8928094879787751E-002   1.5275087732443175E-002   20.530831956152980       0.74491516999078455        1.2592520436334713     
   1.3020108399143559E-003   1.5785734404007061E-003   1.9095769178138870E-003   2.3037184617342023E-003   2.7701413766429085E-003   3.3179745566365819E-003   3.9556193013393645E-003   4.6897295982187299E-003   5.5238558943448094E-003   6.4567744436929992E-003
   169.12485772796319        58.187443957398415       0.90000000000000002        1.0067857777349581E-003   9.8993214222265022E-002   2.7442081485605049E-002   27.798984179159529       0.69086586467709388       0.78961192905633804     
   1.1872007398889624E-003   1.3990123886868729E-003   1.6473199323425178E-003   1.9379086942986749E-003   2.2772860169250697E-003   2.6726938131055675E-003   3.1320850628939233E-003   3.6640478081242799E-003   4.2776561595804247E-003   4.9822239762979861E-003
   174.34763963558885        64.901346306182774       0.90000000000000002        9.9445976637933158E-004   9.9005540233620640E-002   1.5079359627339556E-002   19.604697743806398       0.74554198698287599        1.3457893818004827     
   1.2231635934379572E-003   1.5014625101884601E-003   1.8385768442187619E-003   2.2446619550559100E-003   2.7304855262320440E-003   3.3068415909481516E-003   3.9836130063724022E-003   4.1150083976578926E-003   5.0033452172431143E-003   6.0346010669630173E-003
   155.88979480302021        52.858770899899064       0.90000000000000002        1.0784671834213042E-003   9.8921532816578672E-002   1.3891537124434753E-002   19.366475425706064       0.75246715714121581        1.3772444188967736     
   1.3201452858216133E-003   1.6123392859823716E-003   1.9637974904189912E-003   2.3838886536380844E-003   2.8821689527927922E-003   3.4676740136913254E-003   4.1478650859465239E-003   4.9271807874330708E-003   5.8052025490481331E-003   6.7745451594327100E-003
   142.67674087644539        58.520045263082487       0.90000000000000002        6.3077651156654758E-004   9.9369223488433425E-002   1.8475995840507315E-003   16.056593116094948       0.85360694647993818        2.2597578699150045     
   6.9944577007611348E-004   7.7310387305985166E-004   8.5149623280296319E-004   9.3419149480711413E-004   1.0205563871737394E-003   1.1097354465285187E-003   1.2006387922046458E-003   1.2919413694187820E-003   1.3820969587243651E-003   1.4693696212550852E-003
   137.88400742737016        58.729270469099994       0.90000000000000002        6.9662427492216670E-004   9.9303375725077817E-002   1.1602082373736396E-002   21.300585246113787       0.76357790994203800        1.4573409420052703     
   8.4924335921945687E-004   1.0336164672873679E-003   1.2555334995622924E-003   1.5214454171262144E-003   1.8383403351997555E-003   2.2134960395196719E-003   2.6540620979380275E-003   3.1664217747885358E-003   3.7552911755966184E-003   4.4225380720070706E-003
   171.03392308933448        72.098180427431402       0.90000000000000002        1.0279442068615043E-003   9.8972055793138475E-002   1.5615480148479424E-002   17.350886579221299       0.74289735572553517        1.4908309169476854     
   1.2977829539470673E-003   1.6341976405328999E-003   2.0511032388852045E-003   2.5638582855776332E-003   3.1885130148371133E-003   3.9404308317066289E-003   4.8320783097198661E-003   5.8698393101019554E-003   7.0498917546918871E-003   8.3535397059502706E-003
   174.95388858388966        73.786231566696912       0.90000000000000002        1.0276565939432547E-003   9.8972343406056720E-002   1.5330328175930373E-002   20.973120859083753       0.74439009833197689        1.2423287338981952     
   1.2458728016971549E-003   1.5078105830198950E-003   1.8210030508859533E-003   2.1937084432309506E-003   2.6346971894406490E-003   3.1528726732587354E-003   3.7566715775990320E-003   4.4531912005999858E-003   5.2470070167991469E-003   6.1386824381437751E-003
   156.44832121804811        54.592300329995702       0.90000000000000002        9.9071401809749395E-004   9.9009285981902478E-002   1.7059633144590618E-002   18.776069912712135       0.73537448419322837        1.3467104188540524     
   1.2355284964491141E-003   1.5377278427737928E-003   1.9090439883411104E-003   2.3626654526087464E-003   2.9128805070654392E-003   3.5743499787835652E-003   4.3608632608301183E-003   5.2834331295469822E-003   6.3476374983539915E-003   7.5502527425057300E-003
   158.39679325602225        64.072110353822907       0.90000000000000002        1.3642042317281386E-003   9.8635795768271833E-002   2.4298964818371457E-002   20.208388708572976       0.70461705614865078        1.0440260455041899     
   1.6716935488918245E-003   2.0451286901443954E-003   2.4969724673840153E-003   3.0412088442545557E-003   3.6930982282513398E-003   4.4686598114229798E-003   5.3837728070350276E-003   6.4527806491258364E-003   7.6864985612161820E-003   9.0895838286677941E-003
   171.39373607403164        65.425308303616930       0.90000000000000002        1.5401236477742611E-003   9.8459876352225723E-002   2.8481326594566859E-002   19.693624612154164       0.68896272502209355        1.0093888094257375     
   1.9043103743123422E-003   2.3504999842388981E-003   2.8949914144270590E-003   3.5561929273704236E-003   4.3542839874584184E-003   5.3104719490612356E-003   6.4456758759757343E-003   7.7784588905011999E-003   9.3220620602155989E-003   1.1080499621038612E-002
   151.24336201606806        47.618836388118964       0.90000000000000002        4.0909723204405311E-004   9.9590902767955930E-002   1.6029821722588902E-002   15.860955542814967       0.73760990785136804        1.9543043767796207     
   5.6144232622390672E-004   7.6902417503566997E-004   1.0505598980771131E-003   1.4299746807883088E-003   1.9368691549421755E-003   2.6060959439598965E-003   3.4755410520705978E-003   4.5808236096385726E-003   5.9454898996416346E-003   7.5659594101495356E-003
   128.82905468557252        46.078342099721688       0.90000000000000002        6.9245709585305862E-004   9.9307542904146923E-002   1.0864881506499141E-002   11.862320689987829       0.76811930062518108        2.6635081519672523     
   9.8140949940664574E-004   1.3821931573628399E-003   1.9294983274601837E-003   2.6606263652902491E-003   3.6076007827515340E-003   4.7823899080577260E-003   6.1551261594921238E-003   7.6310143207992138E-003   9.0405093678558868E-003   1.0162006425200650E-002
   178.14648641309512        67.028057109498789       0.90000000000000002        1.1955399073908459E-003   9.8804460092609125E-002   2.0768672538861156E-002   24.295809230044107       0.71894366516126307       0.93578250821000675     
   1.4155634285688682E-003   1.6742087730407887E-003   1.9775030565189872E-003   2.3321121387554185E-003   2.7452821303201877E-003   3.2247149493178822E-003   3.7783541958575986E-003   4.4140543562238054E-003   5.1391053500775144E-003   5.9595877091430738E-003
   159.90443867957231        45.007559325973659       0.90000000000000002        7.4599835070579686E-004   9.9254001649294182E-002   1.3110368278104138E-002   12.961261887295295       0.75499706536146094        2.2627318135497263     
   1.0336817651701699E-003   1.4254611898727343E-003   1.9528292410217133E-003   2.6513853544009283E-003   3.5564584549482581E-003   4.6941699303995011E-003   6.0667088275977834E-003   7.6328545527385343E-003   9.2896578847040806E-003   1.0867324923626867E-002
   184.62184391887379        74.751651090703334       0.90000000000000002        9.8677141108663522E-004   9.9013228588913343E-002   3.7120532543514434E-003   15.814012727223808       0.83087511739880415        2.0202438459998966     
   1.1325074946250621E-003   1.2943771449303949E-003   1.4723912060011363E-003   1.6659125074744148E-003   1.8734835871925921E-003   2.0926644130231514E-003   2.3199049837431198E-003   2.5504836380089452E-003   2.7785442300392988E-003   2.9972613909291131E-003
   133.94046803403955        42.260574313947885       0.90000000000000002        9.8357000392620964E-004   9.9016429996073768E-002   1.9536841445387813E-002   22.451148907195908       0.72354976809728899        1.0775424724099787     
   1.1888858863273700E-003   1.4352734686211917E-003   1.7301258835291597E-003   2.0817898549869572E-003   1.6823626267061730E-003   2.0935678454581520E-003   2.5994049712928934E-003   3.2184493243551447E-003   3.9711935257550866E-003   4.8792624878237940E-003
   133.30061480142103        55.859099879928536       0.90000000000000002        1.2345785780242576E-003   9.8765421421975724E-002   1.3955630145215274E-002   16.640131953379086       0.75298210277183608        1.5536713304332970     
   1.5491329121519190E-003   1.9372904891414024E-003   2.4125453957781710E-003   2.9887625792074921E-003   3.6788682407554066E-003   4.4928103934187289E-003   5.4346906024617357E-003   6.4991429949341154E-003   7.6673555086939306E-003   8.9035766875045219E-003
   121.38692151801371        45.877216938641240       0.90000000000000002        8.2722136405623964E-004   9.9172778635943731E-002   1.5734249349765396E-002   14.822896451758501       0.74124154586280155        1.8207194776081106     
   1.1029608520321220E-003   1.4657606677980991E-003   1.9393825637463681E-003   2.5512635530631610E-003   3.3309040662382150E-003   4.3063116145672523E-003   5.4976744519512717E-003   6.9077676548095126E-003   8.5097004152174562E-003   1.0234754495582452E-002
   129.05650958350719        45.645113721169494       0.90000000000000002        7.7546466467206783E-004   9.9224535335327907E-002   5.6952290388294479E-003   13.900590488932439       0.80755055535555553        2.5212654324450634     
   9.7667067921959009E-004   1.2232189243744510E-003   1.5213397130664586E-003   1.8758122955005385E-003   2.2884427224803394E-003   2.7561084001770145E-003   3.2686010170786908E-003   3.8067848691593635E-003   4.3418796432794149E-003   4.8367901525435087E-003
   175.36708977496525        92.286384292070949       0.90000000000000002        8.8526936941214567E-004   9.9114730630587830E-002   8.2717784590733475E-003   12.365816294146185       0.78718234655406039        2.5925206554277467     
   1.1825246807280513E-003   1.5682990993148137E-003   2.0603074925872478E-003   2.6733628084385170E-003   3.4139367004257337E-003   4.2725244496071967E-003   5.2150945408312426E-003   6.1769422943098728E-003   7.0640748619216938E-003   7.7666847896007652E-003
   131.70081314292003        44.387757257918935       0.90000000000000002        8.2998062857181408E-004   9.9170019371428164E-002   5.4773061325092401E-003   12.845417265231454       0.81010120618281545        2.6799875119443795     
   1.0530201012484489E-003   1.3269226393604519E-003   1.6578240858580668E-003   2.0493186004658316E-003   2.5003404244976104E-003   3.0026456239426506E-003   3.5384113886762635E-003   4.0788782167130028E-003   4.5852185194885462E-003   5.0125851993812103E-003
   129.67500240249800        47.630435909411318       0.90000000000000002        1.0841598610972494E-003   9.8915840138902728E-002   1.1384345760279885E-002   17.583929760977174       0.76731563290692684        1.6132053727161859     
   1.3410937868322736E-003   1.6537088189792579E-003   2.0313229749081641E-003   2.4833730032477069E-003   3.0185615598391255E-003   3.6435761658754669E-003   4.3613296277394964E-003   5.1687631515422178E-003   6.0544151667692638E-003   6.9961863522802871E-003
   127.56788341453770        47.870677478749037       0.90000000000000002        7.1332445880512550E-004   9.9286675541194858E-002   2.9446282084693801E-003   10.794034814769820       0.83737356261517359        3.3265444821155685     
   8.7520451275103313E-004   1.0645041381153945E-003   1.2811468790309159E-003   1.5224929867774528E-003   1.7824423002290579E-003   2.0507688518473181E-003   2.3130329773567459E-003   2.5514241952710516E-003   2.7467221926833940E-003   2.8812008522151999E-003
   115.35889243315924        50.905926549959091       0.90000000000000002        1.0112481618968481E-003   9.8988751838103128E-002   1.9441795916971011E-002   18.741070340692190       0.72411314404590155        1.2845331594123250     
   1.2665589722086975E-003   1.5833404204096150E-003   1.9747021882842988E-003   2.4556017875255456E-003   3.0425559238903177E-003   3.7529621964477139E-003   4.6038564294053610E-003   5.6099181137541972E-003   6.7805741083942321E-003   8.1161801665739219E-003
   126.21832376225656        57.022771659573678       0.90000000000000002        1.4955099032447330E-003   9.8504490096755243E-002   3.5173272891508178E-002   25.461040605028153       0.66529135162514530       0.77299926813696018     
   1.7922433464691316E-003   2.1457817708425025E-003   2.5660973846187234E-003   3.0645218230709939E-003   3.6537578288833306E-003   4.3477997000973424E-003   5.1617183336507555E-003   6.1112558155749447E-003   7.2121652916271066E-003   8.4792278660200861E-003
   130.76029778349817        51.528226452342921       0.90000000000000002        2.2160870904830145E-004   9.9778391290951673E-002   3.8459957504118174E-003   10.702470731359124       0.82044674540141660        4.8730150434174124     
   3.2565044203539817E-004   4.7518843254122352E-004   6.8634206697321511E-004   9.7685090832546023E-004   1.3616815922241467E-003   1.8442383646690122E-003   2.4032194046767711E-003   2.9799427107475200E-003   3.4778248614174240E-003   3.7865551465458783E-003
   127.27328187768072        45.403782875473397       0.90000000000000002        8.3446996710157862E-004   9.9165530032898394E-002   1.2703152524592143E-002   18.765208226396808       0.75784921301126495        1.5461381211102097     
   1.0385819624437608E-003   1.2897286296750139E-003   1.5971679329783758E-003   1.9711231922217780E-003   2.4223935611877184E-003   2.9616389478679837E-003   3.5982288088387722E-003   4.3385605875020201E-003   5.1838183819693292E-003   6.1272803781541570E-003
   129.22896831695491        50.609829371158689       0.90000000000000002        1.3266528024974945E-003   9.8673347197502481E-002   2.7469251127411682E-002   30.574252911938192       0.69197605543096063       0.67616748598041276     
   1.5265825551633873E-003   1.7555384693352060E-003   2.0173760608891002E-003   2.3163465641094661E-003   2.6570985753894844E-003   3.0446640177245786E-003   3.4844225927417394E-003   3.9820376910981491E-003   4.5433555775342069E-003   5.1742587279062164E-003
   154.15466557225162        59.362236879301840       0.90000000000000002        1.1012393941259016E-003   9.8898760605874075E-002   1.9746322994024835E-002   17.691085222070907       0.72312960560397010        1.3287040956912390     
   1.3916541321648884E-003   1.7547619824946630E-003   2.2064495037816428E-003   2.7647201859769921E-003   3.4491515811876801E-003   4.2797491105123495E-003   5.2749471070014913E-003   6.4485190273225633E-003   7.8052739376791259E-003   9.3357018241059728E-003
   142.76579737931561        42.506548184405005       0.90000000000000002        1.1094923594381161E-003   9.8890507640561856E-002   1.5008580100773800E-002   19.520491414428850       0.74653235422897424        1.3225898181036810     
   1.3579010366734816E-003   1.6583729502287546E-003   2.0200552723098897E-003   2.4528314921960768E-003   2.9669204672501293E-003   3.5722038031300919E-003   4.2772051901251657E-003   5.0876622586034691E-003   6.0046809120307383E-003   7.0225574515181384E-003
   162.69135460385715        72.229656867028694       0.90000000000000002        1.2522109232240128E-003   9.8747789076775963E-002   2.1163181288638849E-002   32.368812737036741       0.71744651384413394       0.69098840554396401     
   1.4201637933423858E-003   1.6096604321673843E-003   1.8231816070234915E-003   2.0634123101605723E-003   2.3332340739147003E-003   2.6357080047221611E-003   2.9740458364195220E-003   3.3515658968765148E-003   3.7716305342360237E-003   4.2375613292668958E-003
   163.78634767620645        53.600225902881597       0.90000000000000002        7.1542855688913631E-004   9.9284571443110842E-002   2.7976031817147891E-003   13.061884436975717       0.83947785393169227        2.7372458177099119     
   8.4218263417716328E-004   9.8578302765662878E-004   1.1462491953578443E-003   1.3226400692327889E-003   1.5127603098287665E-003   1.7128983866168889E-003   1.9176606296764380E-003   2.1199781729951293E-003   2.3113601454274203E-003   2.4824374613940025E-003
   169.41673729313797        64.167378026600915       0.90000000000000002        6.2098449155274630E-004   9.9379015508447230E-002   5.4682436691435923E-003   9.9347854626167855       0.80822206485505765        3.7601913050595446     
   8.7300566740147181E-004   1.2136825846181581E-003   1.6614468976866648E-003   2.2271470229975128E-003   2.9033372876844030E-003   3.6512173403525391E-003   4.3916900039485569E-003   5.0113292800067315E-003   5.3910471728034889E-003   5.4501439530654618E-003
   128.14790647984290        53.527624542923562       0.90000000000000002        1.2322148885888513E-003   9.8767785111411127E-002   2.3632888866183283E-002   20.450797689808354       0.70681328539665855        1.0628079700601123     
   1.5120405746592166E-003   1.8525575776018629E-003   2.2654902760748975E-003   2.7641074809327129E-003   3.3630529308597825E-003   4.0779371500585110E-003   4.9245879581338373E-003   5.9178440314589572E-003   7.0697820731243930E-003   8.3873105212539170E-003
   138.87444354234813        51.063213081408570       0.90000000000000002        9.2727503878492035E-004   9.9072724961215053E-002   8.1484822455890199E-003   16.816331231412079       0.78842384861389236        1.8950859187339293     
   1.1437703775664732E-003   1.4055999439873518E-003   1.7195486404354861E-003   2.0920148046706115E-003   2.5281546686836461E-003   3.0306848218876322E-003   3.5983536461040209E-003   4.2241980171445152E-003   4.8938578537313969E-003   5.5844021714700764E-003
   145.37097650595453        53.428785944997145       0.90000000000000002        6.1984722222514603E-004   9.9380152777774830E-002   4.6296755100243871E-003   17.517582577820562       0.81639040321803136        2.1772946520493082     
   7.4256409893198329E-004   8.8676020885850840E-004   1.0549628697547068E-003   1.2494533335005566E-003   1.4719799977765357E-003   1.7233823430606191E-003   2.0031319502764695E-003   2.3088193499172975E-003   2.6356468508571583E-003   2.9760240607959953E-003
   120.37154907243179        39.159330828055474       0.90000000000000002        8.9108124686056579E-004   9.9108918753139416E-002   4.6349638640228123E-003   6.3670433661015720       0.81916634157546353        5.2520809876231080     
   1.3450231429922486E-003   1.9633504637583152E-003   2.7308274230665322E-003   3.5555335527948997E-003   4.2554539013856503E-003   4.6159748772526257E-003   4.5120284466215136E-003   3.9928527991845084E-003   3.2410769179292104E-003   2.4552865435471488E-003
   119.45316848843341        45.579986034099420       0.90000000000000002        9.7813245657349650E-004   9.9021867543426484E-002   2.2348175138116429E-002   17.763977521069577       0.71113316792975767        1.3063272844911702     
   1.2508075380466682E-003   1.5964171951610591E-003   2.0325268079170438E-003   2.5797189141765265E-003   3.2613379650382381E-003   4.1026347311067793E-003   5.1289823143301884E-003   6.3627869629395064E-003   7.8187640969135611E-003   9.4974917038926025E-003
   113.74209447413371        46.805310211920869       0.90000000000000002        7.9635165376591775E-004   9.9203648346234061E-002   7.1215465039306709E-003   15.324354927893324       0.79542775802828269        2.2100034227388754     
   1.0014962722672746E-003   1.2539454211948787E-003   1.5614089603117147E-003   1.9310226800665288E-003   2.3681214328101254E-003   2.8745025284944679E-003   3.4462321288627161E-003   4.0712595290131395E-003   4.7274026928218566E-003   5.3815659519370453E-003
   124.43933082838511        53.691047572488756       0.90000000000000002        1.1931571291257301E-003   9.8806842870874254E-002   2.3590805974467666E-002   24.016162511153510       0.70682580563564312       0.91218940289402251     
   1.4223908404904914E-003   1.6938583825318874E-003   2.0145799729356603E-003   2.3924235155282983E-003   2.8360686064653295E-003   3.3548963059646369E-003   3.9587740262784932E-003   4.6576991282049418E-003   5.4612612701545639E-003   6.3778848744205172E-003
   115.34397054444133        56.492550863931982       0.90000000000000002        1.0683391060287302E-003   9.8931660893971249E-002   2.0487096578617105E-002   24.240313724363830       0.71963243132840193       0.96538292717316154     
   1.2709350223515364E-003   1.5103376662867222E-003   1.7925641300639045E-003   2.1243378603244896E-003   2.5130527409861201E-003   2.9666738748793191E-003   3.4935496676996350E-003   4.1021052577089748E-003   4.8003846627921272E-003   5.5954103905748141E-003
   136.12122539069000        56.974659546104753       0.90000000000000002        1.1163778766221108E-003   9.8883622123377868E-002   2.0611673934132255E-002   20.727804250155494       0.71929057601573709        1.1157422830345312     
   1.3648480047910928E-003   1.6660657296166204E-003   2.0299688819295819E-003   2.4677498281436383E-003   2.9916997782254927E-003   3.6148556197577878E-003   4.3503675187793319E-003   5.2104962710299964E-003   6.2051553097665210E-003   7.3399464641258991E-003
   120.85953652107803        44.896223727569328       0.90000000000000002        1.1973528783426693E-003   9.8802647121657303E-002   1.5094134079017368E-002   25.702440289750882       0.74654469213204877       0.98681878902424525     
   1.3923504455692715E-003   1.6171293446900043E-003   1.8755390655510321E-003   2.1716790903474627E-003   2.5098205550528599E-003   2.8942855672413792E-003   3.3292738059279158E-003   3.8186261631421581E-003   4.3655168936114989E-003   4.9720697980259283E-003
   149.86699485024889        67.964614204784567       0.90000000000000002        1.1450384832026757E-003   9.8854961516797304E-002   2.0582970506030064E-002   19.154217453288798       0.71954672112749840        1.2009678300275290     
   1.4209906667692774E-003   1.7601905967732801E-003   2.1753838969208817E-003   2.6809510388591286E-003   3.2926000884017110E-003   4.0267098853304312E-003   4.8991801609711838E-003   5.9236389393228280E-003   7.1088921187354636E-003   8.4556055087094458E-003
   113.86510543520872        31.860567596461038       0.90000000000000002        1.3492531237540763E-003   9.8650746876245907E-002   2.4396781813403830E-002   20.075453480145306       0.70415690380536566        1.0524210095220905     
   1.6568817953423244E-003   2.0312864691539715E-003   2.4852600087224819E-003   3.0331908175047885E-003   3.6908156726802250E-003   4.4746863042483837E-003   5.4012340722915291E-003   6.4853081603342567E-003   7.7380797800154612E-003   9.1642682978721503E-003
   135.25714317330355        57.786441449092067       0.90000000000000002        5.2554658514227643E-004   9.9474453414857708E-002   7.8433443344720442E-003   11.171958025185429       0.78769662120094819        3.2744638360804856     
   7.5692202101364638E-004   1.0821704159659582E-003   1.5310485698492643E-003   2.1344085770265073E-003   2.9154353469849920E-003   3.8738683485807965E-003   4.9644641413360783E-003   6.0785378867265431E-003   7.0464737249274056E-003   7.6779259961872546E-003
   110.14256607621680        40.228077875325916       0.90000000000000002        7.9572527624697945E-004   9.9204274723752997E-002   1.1323417958186373E-002   12.762109760874328       0.76589744906578505        2.3752025986547403     
   1.0917149571478039E-003   1.4894852042439941E-003   2.0168533001416215E-003   2.7032155223441360E-003   3.5742542696852410E-003   4.6425159145549975E-003   5.8936295248830173E-003   7.2706114665857568E-003   8.6630932118952168E-003   9.9120478527631468E-003
   144.56782337553449        58.085497148937215       0.90000000000000002        1.2147869362704935E-003   9.8785213063729491E-002   1.8096377604964520E-002   22.941930530756036       0.73140478865809999        1.0340605441232504     
   1.4452547162163850E-003   1.7170545691559014E-003   2.0366047139349260E-003   2.4109078419455960E-003   2.8474237398712324E-003   3.3538457071373689E-003   3.9377506788769679E-003   4.6060918786973602E-003   5.3645069408755535E-003   6.2164270393730717E-003
   137.11790574878646        45.342187778069835       0.90000000000000002        1.0997262956679837E-003   9.8900273704331992E-002   1.7801638538163141E-002   17.526956507489110       0.73227349667698649        1.3895605734711425     
   1.3869255679646783E-003   1.7449081834404211E-003   2.1886442816384400E-003   2.7348337740434182E-003   3.4012331063757594E-003   4.2053639957751188E-003   5.1623813511734989E-003   6.2819164750750429E-003   7.5638634036870687E-003   8.9933967812188195E-003
   127.80873031176921        43.244445823091304       0.90000000000000002        8.5740264243381215E-004   9.9142597357566170E-002   3.9045141914109535E-003   11.819838429793229       0.82696338550013604        2.8754393767733890     
   1.0541575811719103E-003   1.2859383657655237E-003   1.5538013644550630E-003   1.8560607680222785E-003   2.1871274204400891E-003   2.5364755572486910E-003   2.8881190698223269E-003   3.2210546681731510E-003   3.5110366594232399E-003   3.7337128620168756E-003
   122.00517669930944        55.960977851757256       0.90000000000000002        9.5977270896855022E-004   9.9040227291031430E-002   1.8326379986351681E-002   22.553844617564049       0.72908430942290281        1.1017666082426454     
   1.1579952543514876E-003   1.3953876986604484E-003   1.6788848080717127E-003   2.0162840039240318E-003   2.4161813842889139E-003   2.8878078870662560E-003   3.4407238365198956E-003   4.0843232557716677E-003   4.8270972548443546E-003   5.6756134551124247E-003
   118.87492283838860        55.661486383230965       0.90000000000000002        9.5277829006673467E-004   9.9047221709933242E-002   1.9563095174423492E-002   19.338075716676613       0.72328857812471825        1.2585096995152902     
   1.1892043494772103E-003   1.4817780741106417E-003   1.8424341282640248E-003   2.2848728838260855E-003   2.8243845947064821E-003   3.4773688156794812E-003   4.2604030724843808E-003   5.1886944211324594E-003   6.2737596660676119E-003   7.5202562422081844E-003
   88.479355307127889        27.673623790653959       0.90000000000000002        8.8849388798178258E-004   9.9111506112018188E-002   1.5154742689290485E-002   12.340731949908376       0.74458209974592537        2.1791488937816190     
   1.2439540772252961E-003   1.7323350415193763E-003   2.3946249311344245E-003   3.2765180941550271E-003   4.4214882954722685E-003   5.8570570793715863E-003   7.5729978387144856E-003   9.4944882625352649E-003   1.1461307575148738E-002   1.3232203510335291E-002
   99.202558174255756        54.414400926079139       0.90000000000000002        1.7744785786933434E-003   9.8225521421306639E-002   3.5686841780860012E-002   25.337721957730892       0.66451646000608688       0.74973180978013754     
   2.1161084026649576E-003   2.5208077276139581E-003   2.9990809637287876E-003   3.5627039721376512E-003   4.2246709456892845E-003   4.9990305033881790E-003   5.9005654724502352E-003   6.9442625126452358E-003   8.1445128836693959E-003   9.5139882593877692E-003
   104.09844923437760        48.195604343301845       0.90000000000000002        9.9294574076847788E-004   9.9007054259231494E-002   6.1405441164277949E-003   12.516043331418025       0.80547322601087645        2.5870878231764833     
   1.2639221819177038E-003   1.5966358843888474E-003   1.9976922082698568E-003   2.4698468420374670E-003   3.0091719994616481E-003   3.6018913009877047E-003   4.2217409329334578E-003   4.8292182948575279E-003   5.3742165828737799E-003   5.8028547846876236E-003
   111.72285705327104        46.968398973164568       0.90000000000000002        6.7410700927538023E-004   9.9325892990724599E-002   7.3184699514660711E-003   14.611760318132207       0.79287686062357310        2.4032366694677250     
   8.7036570508686455E-004   1.1186760737711629E-003   1.4294906769157659E-003   1.8131852156233284E-003   2.2784605965220687E-003   2.8298620840678870E-003   3.4644003765958923E-003   4.1676369271794614E-003   4.9101986372350808E-003   5.6463496509411631E-003
   107.78761289644707        43.560944844798946       0.90000000000000002        6.8737926587867802E-004   9.9312620734121296E-002   1.5797664132928553E-002   17.545520931181038       0.74019798526781433        1.5984783457818994     
   8.8665641747356829E-004   1.1413675799346770E-003   1.4653914523514965E-003   1.8750758861943450E-003   2.3890078391263676E-003   3.0272415893200836E-003   3.8096802314073384E-003   4.7532625767131628E-003   5.8676662603409282E-003   7.1495020092241244E-003
   137.47592978207464        56.280258224462976       0.90000000000000002        1.1869128436698640E-003   9.8813087156330109E-002   1.0405141124522645E-002   18.332146981283518       0.77429778199007404        1.5546656472932705     
   1.4410914055815827E-003   1.7442228119211359E-003   2.1031388306386161E-003   2.5243955334997830E-003   3.0135855679767946E-003   3.5743840820058391E-003   4.2073233009345869E-003   4.9083522019802601E-003   5.6673322801962705E-003   6.4667399377317993E-003
   149.67316275917975        52.176355135114356       0.90000000000000002        9.1748514667630186E-004   9.9082514853323672E-002   4.9884297652165351E-003   16.331754301822969       0.81576603184957197        2.0512901020797512     
   1.0885303955670480E-003   1.2861513069714748E-003   1.5122866678053866E-003   1.7680864536148324E-003   2.0534888338781948E-003   2.3667352739385572E-003   2.7038699245958428E-003   3.0583018671284266E-003   3.4205405685528447E-003   3.7782339641583588E-003
   158.39737495720635        49.551461577476523       0.90000000000000002        6.7714396899802359E-004   9.9322856031001952E-002   1.3467059631032501E-002   17.145529859044316       0.75259654575528867        1.7333011481865768     
   8.7338236527772877E-004   1.1238247383211772E-003   1.4416867755310671E-003   1.8422631998128377E-003   2.3424893208418840E-003   2.9598828500471863E-003   3.7105679428948686E-003   4.6060858504558336E-003   5.6488386948734676E-003   6.8263971267877163E-003
   158.09088845385216        55.165226830493715       0.90000000000000002        8.1929501465064685E-004   9.9180704985349324E-002   5.3711044471815182E-003   15.569436187110071       0.81101372861259335        2.2257797896364071     
   9.9680473244652488E-004   1.2073927355180994E-003   1.4546348517241578E-003   1.7412363853496822E-003   2.0683344559324470E-003   2.4346343468109118E-003   2.8354514607571470E-003   3.2618100166995016E-003   3.6998380610983950E-003   4.1307620944732466E-003
   123.11366266667704        43.247741328075108       0.90000000000000002        9.1900522323188206E-004   9.9080994776768100E-002   3.4068461717355215E-003   15.437617245828012       0.83391581368088630        2.1129608720986246     
   1.0546786631086167E-003   1.2052681812884411E-003   1.3707282974828906E-003   1.5503950621176112E-003   1.7428255919570595E-003   1.9456490376089687E-003   2.1554529781839331E-003   2.3677345979511281E-003   2.5769476890140654E-003   2.7766720423274284E-003
   121.22421147470313        46.076731907533642       0.90000000000000002        6.2542701716037860E-004   9.9374572982839596E-002   8.0472531319394462E-003   18.532692293480856       0.78691898741110589        1.8933095412626115     
   7.7390171392997212E-004   9.5523108967053420E-004   1.1754181051950958E-003   1.4408959759543089E-003   1.7581802448277668E-003   2.1332917063978658E-003   2.5708904488886968E-003   3.0730851499681617E-003   3.6379407494036902E-003   4.2578131003174272E-003
   142.80924614140125        55.059756054829620       0.90000000000000002        5.2951679701759109E-004   9.9470483202982393E-002   2.6825161324264398E-003   9.6753684914448979       0.83846918025464245        4.1937485014218048     
   6.8227669489268170E-004   8.6965035588127228E-004   1.0933673976097060E-003   1.3512266475216696E-003   1.6350381735643980E-003   1.9289535352683177E-003   2.2092361372385554E-003   2.4465869799853890E-003   2.6114327043991192E-003   2.6810666680216946E-003
   172.74323552789286        59.811406422268263       0.90000000000000002        1.1131023582887614E-003   9.8886897641711213E-002   4.9376699809478564E-003   21.425598815106969       0.81831368886537315        1.4613465236745291     
   1.2528365197728172E-003   1.4067238229694330E-003   1.5752607111221267E-003   1.7586843027345013E-003   1.9568905790433451E-003   2.1693457453033551E-003   2.3949953165258082E-003   2.6321776195365808E-003   2.8785506146003837E-003   3.1310428736275437E-003
   190.93772785439228        76.245310459680923       0.90000000000000002        1.5364590639772879E-003   9.8463540936022692E-002   3.1604087690166933E-002   23.354022781983680       0.67761409333104961       0.84193696467661150     
   1.8518625422446280E-003   2.2293731924290126E-003   2.6800287540123036E-003   3.2162928297188378E-003   3.8519910334533082E-003   4.6021055630910187E-003   5.4823664888068420E-003   6.5085664969521308E-003   7.6955200890118933E-003   9.0555950314229507E-003
   215.90240283403119        74.413409957021614       0.90000000000000002        7.0861935006321904E-004   9.9291380649936756E-002   5.7528104245365887E-003   12.788215053822469       0.80641002632599645        2.8070367292546115     
   9.1899178535508985E-004   1.1840589883148041E-003   1.5128378124909874E-003   1.9123947331229209E-003   2.3852679097881068E-003   2.9260409255788024E-003   3.5175884440254465E-003   4.1282088416056328E-003   4.7115034945464686E-003   5.2108577370969826E-003
   196.69503431613253        67.282885373580271       0.90000000000000002        1.3507126048932204E-003   9.8649287395106755E-002   1.0297357137663946E-002   33.637136490090725       0.77611726515453772       0.82498500025598909     
   1.4954178765271087E-003   1.6541105784157043E-003   1.8277940140145549E-003   2.0174616615647165E-003   2.2240739782889225E-003   2.4485299265820182E-003   2.6916327628870324E-003   2.9540497852647537E-003   3.2362659747682382E-003   3.5385318040689622E-003
   197.73981086749654        62.271868500979359       0.90000000000000002        6.7795579173611465E-004   9.9322044208263863E-002   1.3002228381339947E-003   8.9255169977764766       0.86674046510027747        3.5840078481813147     
   7.6067905316494976E-004   8.4604100765894093E-004   9.3187333860645944E-004   1.0155123597041537E-003   1.0939033882138495E-003   1.1637806485169846E-003   1.2219148206944694E-003   1.2654035780794795E-003   1.2919652406289481E-003   1.3001874269863893E-003
   180.09211457597456        52.196854530539085       0.90000000000000002        8.3599779622719290E-004   9.9164002203772791E-002   5.2183229117968109E-003   11.112333524990591       0.81265765986447425        3.0942702526144155     
   1.0910936582072209E-003   1.4106827927019446E-003   1.8019108948672694E-003   2.2664859632715488E-003   2.7965724831461513E-003   3.3704808314582147E-003   3.9499044574356559E-003   4.4812021593058820E-003   4.9027938817935981E-003   5.1583653125571397E-003
   188.51418795560889        56.354507183821937       0.90000000000000002        1.0559288898694572E-003   9.8944071110130524E-002   1.5677513057964398E-002   16.911391563317672       0.74271998081048096        1.5185248329658969     
   1.3391861173697496E-003   1.6937033746672011E-003   2.1345555077043384E-003   2.6783048091320182E-003   3.3420736054359584E-003   4.1418678956624492E-003   5.0899207064082474E-003   6.1909173614648353E-003   7.4372188813975329E-003   8.8036660855473885E-003
   192.57505073153294        64.352617206788253       0.90000000000000002        4.4798208983164563E-004   9.9552017910168336E-002   4.8399602523452497E-003   15.186949471525949       0.81256315461704465        2.7458043953335092     
   5.6860432790349375E-004   7.1891820873067232E-004   9.0454202903504936E-004   1.1311425800846514E-003   1.4037485296348033E-003   1.7256849805764791E-003   2.0970946910083888E-003   2.5131303864855108E-003   2.9621091305403681E-003   3.4241880983838300E-003
   165.10729213511198        38.264376588089618       0.90000000000000002        1.3451299702150954E-003   9.8654870029784889E-002   2.1010618918008067E-002   24.126917414965121       0.71853300540918930       0.91491317518131376     
   1.5872146331791738E-003   1.8706277958993739E-003   2.2015453276572811E-003   2.5867211893056278E-003   3.0333994171222616E-003   3.5491535752936085E-003   4.1416304601646376E-003   4.8181728879180463E-003   5.5852973123494401E-003   6.4480078307230246E-003
   174.70652127819099        50.089251641966740       0.90000000000000002        7.3645490972584055E-004   9.9263545090274144E-002   4.6313986457420971E-003   15.758386047350488       0.81757752900835345        2.2896653474818178     
   8.8777301365204489E-004   1.0657065751424326E-003   1.2728986755563829E-003   1.5113128431444344E-003   1.7817377018415858E-003   2.0831822412886256E-003   2.4122086760250292E-003   2.7622987910462804E-003   3.1234042836330873E-003   3.4818734287992625E-003
   152.04276156313355        53.003921785539312       0.90000000000000002        1.2076294874612487E-003   9.8792370512538724E-002   1.0026698389013367E-002   19.584453339745561       0.77698198380058869        1.4632688312585220     
   1.4440200943770397E-003   1.7218839491909413E-003   2.0464283793136698E-003   2.4226194758353182E-003   2.8547202526702990E-003   3.3456667308387352E-003   3.8962786613358129E-003   4.5043326807422115E-003   5.1635728793897034E-003   5.8627944784291905E-003
   170.26402886504115        72.007756677158483       0.90000000000000002        1.0359493434532842E-003   9.8964050656546690E-002   2.0111734225760968E-002   21.989939880493235       0.72117329692526144        1.0775508643832183     
   1.2553743463855054E-003   1.5192783060175733E-003   1.8357430964136574E-003   2.2138842150469756E-003   2.6637737612845314E-003   3.1962385554559990E-003   3.8224799852940765E-003   4.5534534010975933E-003   5.3989427623725881E-003   6.3662776163479094E-003
   174.54343652816380        56.180900166836309       0.90000000000000002        8.6577259831746274E-004   9.9134227401682512E-002   1.1388700494124628E-002   14.025500131920612       0.76592698398693171        2.1204566096404069     
   1.1482321536897952E-003   1.5157596141283233E-003   1.9886851763354463E-003   2.5883322084460187E-003   3.3340118143199301E-003   4.2378900362583212E-003   5.2974878265054761E-003   6.4865353512665227E-003   7.7466118944941676E-003   8.9839850509278920E-003
   206.10689538838582        78.832171850312633       0.90000000000000002        1.1998382397892511E-003   9.8800161760210725E-002   4.5293926252833166E-003   18.358577356705620       0.82370224828647476        1.6414460439245062     
   1.3578590468567699E-003   1.5316460292774991E-003   1.7212939662308679E-003   1.9264184883619943E-003   2.1460351495166804E-003   2.3784406266479491E-003   2.6211086183526282E-003   2.8706164573023825E-003   3.1226207995333180E-003   3.3719009478579698E-003
   165.26437490508826        49.945349366576295       0.90000000000000002        1.0639229675555024E-003   9.8936077032444475E-002   1.9097638055475857E-002   16.648178636601198       0.72594879701276305        1.4379711923748069     
   1.3650078013127927E-003   1.7468422052994430E-003   2.2282286295677973E-003   2.8305425170653451E-003   3.5769009551457707E-003   4.4904143538642850E-003   5.5911438180698981E-003   6.8914413251848399E-003   8.3896136468345536E-003   1.0062438275792070E-002
   180.62690611993807        57.853691470940710       0.90000000000000002        8.8436720971501049E-004   9.9115632790284972E-002   1.0888077179212785E-002   14.564643136905701       0.76918877963983712        2.0603574508111850     
   1.1557808601298512E-003   1.5038163047435779E-003   1.9454450523184769E-003   2.4982053308647357E-003   3.1778240456097439E-003   3.9942988918426070E-003   4.9462899385859594E-003   6.0142972949242864E-003   7.1541980659796667E-003   8.2940276757311280E-003
   165.20687219421717        37.809942760628289       0.90000000000000002        5.2892493264813391E-004   9.9471075067351838E-002   1.1504098888734944E-002   13.603825174115537       0.76315450917768435        2.4172996615986428     
   7.3514132027126754E-004   1.0177888714164394E-003   1.4015568621992983E-003   1.9158474778818613E-003   2.5927077626464149E-003   3.4616756875937007E-003   4.5400556507878675E-003   5.8179895871182325E-003   7.2405195644525151E-003   8.6939456543741987E-003
   176.79873369136425        67.709454948197262       0.90000000000000002        1.1708363455132072E-003   9.8829163654486768E-002   1.9176156929863190E-002   21.568465344155801       0.72608097251846082        1.0867998244621970     
   1.4134998596150247E-003   1.7038915462575350E-003   2.0502267491903496E-003   2.4616019258826174E-003   2.9478353549880830E-003   3.5191594650945354E-003   4.1857117904349995E-003   4.9567682678783491E-003   5.8396694226471955E-003   6.8384141921704897E-003
   176.15450660885165        64.347229589296305       0.90000000000000002        3.2912146221993738E-004   9.9670878537780047E-002   6.1466651097277242E-003   12.372527029371030       0.79962740481332384        3.4806309727485556     
   4.6579014476717540E-004   6.5584674393717637E-004   9.1683981500333340E-004   1.2689268168512798E-003   1.7321697733280351E-003   2.3207117785234038E-003   3.0329271329974064E-003   3.8384669063623970E-003   4.6671320032300812E-003   5.4092182928166671E-003
   173.93335574176763        57.983618047796575       0.90000000000000002        5.5299467826982248E-004   9.9447005321730161E-002   4.1188730550697945E-003   13.678979057398898       0.82108161223078258        2.9076447203539222     
   6.9404653275365069E-004   8.6648041414871726E-004   1.0746525637581484E-003   1.3220280208249501E-003   1.6101989087479130E-003   1.9376053673018636E-003   2.2980860209768261E-003   2.6795617513723060E-003   3.0633523908324993E-003   3.4247362407474149E-003
   141.91946880624326        47.935354224603444       0.90000000000000002        8.4057580495734154E-004   9.9159424195042631E-002   1.2546725365364291E-002   16.004706888842101       0.75879811945084996        1.8158158198903329     
   1.0847631043395165E-003   1.3953741604329451E-003   1.7875046021681830E-003   2.2777501837891530E-003   2.8830301440940895E-003   3.6184330654242041E-003   4.4937947056828687E-003   5.5089006982416439E-003   6.6476628645591443E-003   7.8723988903838422E-003
   155.45773287644445        61.522855049099412       0.90000000000000002        8.5554332051466413E-004   9.9144456679485307E-002   9.9362234466637400E-003   14.374713373491026       0.77521571383983057        2.1565611834667151     
   1.1175260094282876E-003   1.4529001772388517E-003   1.8774709985701968E-003   2.4071997282447775E-003   3.0557375336774622E-003   3.8304793375270071E-003   4.7270851273067075E-003   5.7230899256430663E-003   6.7723193852764901E-003   7.8030112782918361E-003
   160.58475349297899        54.226563229670148       0.90000000000000002        4.8884537771732260E-004   9.9511154622282660E-002   1.1692104658444252E-002   17.625091185525406       0.76177914156481186        1.8895684440360945     
   6.3419603088168291E-004   8.2108255449006833E-004   1.0602329686606004E-003   1.3643797999222313E-003   1.7481105155063123E-003   2.2272838152767494E-003   2.8177526818248338E-003   3.5330911794570759E-003   4.3810630833947192E-003   5.3587912722073512E-003
   191.30182988777077        74.888976462323669       0.90000000000000002        1.1039881435736983E-003   9.8896011856426283E-002   1.0491546469676654E-002   24.794809241575397       0.77317759230973082        1.1667671404312505     
   1.2791431280421029E-003   1.4797662174743775E-003   1.7087591507522664E-003   1.9690759332109528E-003   2.2636132277045842E-003   2.5950597103704689E-003   2.9656982350939466E-003   3.3771569084740196E-003   3.8301094148644158E-003   4.3239316539482354E-003
   170.90819402397045        57.516577949859943       0.90000000000000002        7.6145185262819744E-004   9.9238548147371777E-002   3.2097330235304547E-003   13.055222391235617       0.83443667924586584        2.6973701477328147     
   9.0635486961792699E-004   1.0724515316457666E-003   1.2601361097801232E-003   1.4685812552921015E-003   1.6953021911831911E-003   1.9357492976924157E-003   2.1830273549200106E-003   2.4278651420439031E-003   2.6589580592895532E-003   2.8637610902033420E-003
   146.46172568345443        41.166993441392883       0.90000000000000002        6.0800650179942137E-004   9.9391993498200562E-002   7.8385912740936651E-003   10.882916577290130       0.78835302314286526        3.2508481740507200     
   8.7116090745843950E-004   1.2378450408727850E-003   1.7382382243673906E-003   2.4010366234630837E-003   3.2425622923218525E-003   4.2490232909296590E-003   5.3553019770555266E-003   6.4320750025073986E-003   7.2998434101495882E-003   7.7805717154887299E-003
   162.98038628059933        65.094388993037512       0.90000000000000002        9.7237485304577922E-004   9.9027625146954193E-002   1.6636274098287669E-002   23.633743805210003       0.73739308727459074        1.0843221171129511     
   1.1592316058575173E-003   1.3802994962584130E-003   1.6411272797451266E-003   1.9478632834047259E-003   2.3071884824118604E-003   2.7261775745530230E-003   3.2120617367773852E-003   3.7718634603732173E-003   4.4118736720962070E-003   5.1369469092149688E-003
   161.17205058865571        58.346112713643862       0.90000000000000002        3.4699215609163562E-004   9.9653007843908348E-002   5.2082327482993792E-003   15.669973780953537       0.80809217225764829        2.8126996633464811     
   4.4874546659107037E-004   5.7847898278486445E-004   7.4264713128861272E-004   9.4837712162830717E-004   1.2029710213069019E-003   1.5129779606548360E-003   1.8826994896668074E-003   2.3120666355614843E-003   2.7940272674544546E-003   3.3119388003785164E-003
   183.48544039139622        71.305747665421052       0.90000000000000002        5.8099064097247635E-004   9.9419009359027505E-002   9.1797383297631749E-003   11.602647088838737       0.77849095900404863        2.9654200454991133     
   8.3083085279676188E-004   1.1802671702850561E-003   1.6610309640319849E-003   2.3071524341726729E-003   3.1471361130783002E-003   4.1892616033023184E-003   5.4001604098808508E-003   6.6831795008311084E-003   7.8722748784228087E-003   8.7604685958400930E-003
   184.96389194040580        56.893233764387077       0.90000000000000002        6.8553095283302391E-004   9.9314469047166953E-002   1.1128359784883222E-002   24.101152691804199       0.76642454568263985        1.3094127697484741     
   8.1610009918463126E-004   9.7031364858332419E-004   1.1519417355529470E-003   1.3651423694389904E-003   1.6144081324756011E-003   1.9044622291270867E-003   2.2400861043948002E-003   2.6258589384483577E-003   3.0657896811007871E-003   3.5628267262597523E-003
   161.88740338433612        54.605654489967868       0.90000000000000002        1.1226562992599817E-003   9.8877343700740000E-002   1.1600694055813187E-002   24.264328700090665       0.76620558657224436        1.1548632337633440     
   1.3093119549121243E-003   1.5246026697075732E-003   1.7720522829896544E-003   2.0553022955104527E-003   2.3779870918184888E-003   2.7435564265503982E-003   3.1550356824757097E-003   3.6147168926546403E-003   4.1237787586547699E-003   4.6818427477592272E-003
   157.34243910428273        42.317854010298632       0.90000000000000002        1.1601686419616629E-003   9.8839831358038310E-002   1.6623461938596318E-002   20.052242066146164       0.73840324360212040        1.2305047743157620     
   1.4141997982804993E-003   1.7205303489282516E-003   2.0883167138522926E-003   2.5275420769060144E-003   3.0486935526828217E-003   3.6622032498183983E-003   4.3775807632034673E-003   5.2021725653163282E-003   6.1395161373818318E-003   7.1873257900021571E-003
   169.67129411202370        59.166425839137510       0.90000000000000002        1.0520436895084949E-003   9.8947956310491483E-002   6.7510066715162492E-003   28.209276360854233       0.80063558308112937        1.1241575312410157     
   1.1756426347104979E-003   1.3120077464577906E-003   1.4620108365061267E-003   1.6264664202091980E-003   1.8060942151628715E-003   2.0014741470623710E-003   2.2129937619607813E-003   2.4407884673615689E-003   2.6846757387399621E-003   2.9440853399514406E-003
   175.53305333619190        59.514118715904132       0.90000000000000002        1.0159563307547031E-003   9.8984043669245278E-002   1.9388020216481155E-002   21.262657990656464       0.72438233087798654        1.1325887342663488     
   1.2387512918930691E-003   1.5082420320034764E-003   1.8331655571339233E-003   2.2233865496554634E-003   2.6897895776209256E-003   3.2440144010155618E-003   3.8979673385431328E-003   4.6630320124160960E-003   5.5489035343007746E-003   6.5619912487958907E-003
   175.96905664063152        48.330649107117736       0.90000000000000002        9.0348950203285696E-004   9.9096510497967125E-002   2.7758814586631621E-003   14.128728246302510       0.84257321219018755        2.2488183446809171     
   1.0258342933364406E-003   1.1593279120685296E-003   1.3033251962580607E-003   1.4566013588384241E-003   1.6172550026239392E-003   1.7826385792674201E-003   1.9493353796316009E-003   2.1132026012723108E-003   2.2694966218820205E-003   2.4130883339725556E-003
   165.65435380156728        57.793369578785352       0.90000000000000002        1.0210315827364356E-003   9.8978968417263544E-002   1.3873035401724782E-002   20.535109750851628       0.75224987014058298        1.3149642526310708     
   1.2389320902662590E-003   1.5004357235673996E-003   1.8128998981797810E-003   2.1842812519634481E-003   2.6228618327280595E-003   3.1367906315538634E-003   3.7333875267061387E-003   4.4181642305145862E-003   5.1935426019123357E-003   6.0573032201299169E-003
   161.11921554074203        40.827607703089569       0.90000000000000002        6.6699962941368170E-004   9.9333000370586302E-002   1.5702536815996034E-002   17.918346738663590       0.74058087773320191        1.5785179979361295     
   8.5715139991952784E-004   1.0993897499927180E-003   1.4066079576004681E-003   1.7940100996909772E-003   2.2789496379995453E-003   2.8803115104902174E-003   3.6171748185130298E-003   4.5064472895316992E-003   5.5591921934184697E-003   6.7755575574478706E-003
